1  167  
2  881  
3  394  
4  222  
5  407  
6  69  
7  99  
8  534  
9  883  
10  930  
11  224  
12  267  
13  372  
14  8  
15  799  
16  658  
17  401  
18  853  
19  478  
20  39  
21  915  
22  629  
23  94  
24  420  
25  765  
26  95  
27  598  
28  867  
29  153  
30  981  
31  975  
32  742  
33  750  
34  943  
35  956  
36  13  
37  28  
38  339  
39  119  
40  885  
41  656  
42  887  
43  132  
44  326  
45  906  
46  686  
47  56  
48  380  
49  251  
50  909  
51  936  
52  376  
53  81  
54  443  
55  502  
56  284  
57  584  
58  145  
59  542  
60  399  
61  441  
62  142  
63  529  
64  447  
65  500  
66  560  
67  678  
68  128  
69  182  
70  464  
71  719  
72  237  
73  888  
74  52  
75  690  
76  522  
77  226  
78  739  
79  521  
80  50  
81  353  
82  311  
83  644  
84  55  
85  248  
86  320  
87  183  
88  160  
89  221  
90  391  
91  705  
92  714  
93  252  
94  550  
95  346  
96  148  
97  528  
98  622  
99  676  
