5  13  15  7  5  7  26  7  3  26  17  18  33  
9  2  14  17  1  19  18  17  9  7  15  18  44  
9  27  19  24  8  27  29  13  6  18  28  27  32  
5  13  4  16  5  25  20  23  2  2  5  20  24  
5  22  12  18  9  17  3  1  4  27  8  21  38  
1  8  10  25  6  4  6  4  7  5  13  17  41  
7  6  23  18  1  9  9  8  9  16  23  29  31  
4  28  15  10  9  29  16  11  5  11  24  4  50  
1  20  4  7  5  19  18  3  7  16  10  8  34  
8  2  11  25  2  22  28  13  5  28  5  19  25  
5  14  18  18  3  12  17  9  5  27  22  29  40  
3  4  15  27  7  27  22  25  1  23  17  28  50  
2  17  9  3  2  25  15  25  9  16  4  9  26  
7  19  12  23  4  14  6  18  5  13  10  1  38  
8  29  24  10  3  4  23  1  5  5  4  1  26  
4  7  20  8  1  3  9  3  2  12  21  4  30  
9  10  28  16  9  26  5  16  9  26  4  23  26  
5  7  29  26  2  21  7  11  8  20  22  4  37  
3  27  11  3  1  23  3  23  7  10  15  20  26  
1  6  27  24  8  5  3  27  8  25  3  3  24  
6  1  11  16  5  3  7  5  5  23  12  19  37  
9  29  7  4  5  7  27  16  9  19  13  7  40  
6  12  25  21  8  29  27  29  6  27  26  10  31  
6  4  2  10  4  13  18  27  8  12  1  15  49  
8  3  6  21  2  13  23  19  1  25  19  26  34  
9  1  11  7  8  17  6  12  7  4  23  16  32  
9  1  14  2  2  13  23  19  6  12  9  2  39  
1  25  23  14  9  15  14  19  7  22  22  5  43  
8  14  7  15  9  12  25  3  2  15  10  29  48  
4  9  22  3  8  13  19  21  8  6  2  2  40  
1  11  26  26  2  27  18  20  9  10  7  16  39  
2  15  2  9  5  25  26  7  7  19  26  23  36  
2  24  6  27  4  19  7  1  5  1  11  25  44  
7  15  6  20  7  28  7  23  9  6  19  16  26  
8  29  8  10  3  25  17  13  2  1  1  14  42  
7  28  6  12  7  29  27  8  1  24  12  19  45  
6  22  1  27  1  26  1  9  3  11  20  5  31  
2  14  16  26  5  10  8  1  2  14  17  8  23  
8  28  24  8  6  3  28  3  8  20  26  16  37  
1  3  1  27  1  19  2  9  9  14  11  6  42  
5  26  11  13  9  27  2  22  7  11  18  27  39  
8  1  19  2  9  11  10  22  3  20  4  8  23  
3  23  23  11  9  13  8  5  1  24  27  21  46  
3  7  4  28  2  18  13  27  8  26  1  3  20  
2  21  3  25  4  11  6  15  1  7  15  5  35  
6  20  9  2  9  4  20  27  3  22  29  1  46  
6  23  7  21  1  1  25  9  1  10  18  10  43  
8  13  26  13  9  5  6  11  4  7  4  5  39  
8  23  12  26  4  24  26  16  9  10  8  7  21  
9  28  17  20  5  5  21  6  6  2  9  27  30  
6  3  8  18  1  14  28  14  2  22  14  22  39  
1  27  24  12  5  10  13  11  1  13  12  9  40  
5  3  11  15  4  13  21  26  7  24  12  9  34  
4  12  27  3  4  3  21  10  7  22  27  3  41  
4  14  28  20  4  6  12  23  8  2  3  18  43  
4  22  12  27  9  14  28  16  8  15  10  13  48  
5  1  7  26  8  13  21  2  9  1  10  19  41  
7  10  22  1  9  10  7  9  7  11  9  15  31  
7  12  13  3  1  28  24  21  5  28  12  6  40  
2  13  6  11  6  23  21  4  5  20  11  23  26  
3  1  21  4  5  1  25  25  9  20  12  4  46  
6  16  1  1  5  21  19  11  5  1  2  6  28  
8  1  13  28  5  21  22  29  8  8  29  14  29  
8  15  10  8  9  4  2  17  4  9  4  7  39  
4  12  24  21  6  9  3  16  8  21  13  22  30  
8  27  25  4  9  23  18  8  9  13  6  8  32  
6  23  3  5  4  12  21  22  2  4  20  25  21  
6  12  23  6  8  15  11  17  9  26  21  18  41  
6  14  16  27  6  21  11  27  9  3  8  23  45  
2  7  13  28  7  1  18  16  3  5  17  25  44  
1  21  20  14  6  15  8  26  4  14  29  1  44  
6  28  7  29  8  14  21  14  5  9  27  9  24  
5  24  7  16  4  12  22  13  9  27  8  2  24  
6  19  28  19  9  16  10  2  2  8  1  15  26  
8  25  8  16  4  9  25  25  7  1  6  22  39  
5  10  25  3  8  23  6  1  1  3  8  29  45  
5  15  20  14  3  22  3  23  3  6  13  24  30  
7  10  5  13  8  6  26  22  4  11  17  2  43  
4  15  24  21  6  18  18  1  6  26  24  19  30  
7  15  17  10  5  14  11  17  7  6  10  14  30  
6  21  28  11  5  4  24  18  2  18  4  8  42  
4  5  21  24  2  23  24  22  2  20  7  26  32  
5  16  27  4  8  27  9  6  5  5  20  26  39  
2  4  14  11  2  18  12  25  1  26  6  10  22  
1  6  26  25  4  15  27  4  8  16  23  29  30  
5  18  7  8  2  13  14  8  5  28  8  2  41  
8  23  12  22  9  15  2  10  2  22  1  4  42  
3  17  9  25  3  29  10  2  9  19  17  26  45  
4  3  9  27  9  8  17  11  5  14  10  6  31  
7  5  17  26  5  29  3  4  4  25  22  22  26  
6  25  10  5  1  14  9  5  5  16  6  19  28  
7  22  29  25  1  17  10  23  7  25  13  8  49  
5  12  12  14  2  5  9  21  9  5  19  7  37  
3  9  23  18  1  5  11  10  3  2  25  13  37  
4  19  6  22  3  25  3  3  9  20  24  12  21  
2  1  3  10  9  4  4  8  5  13  13  18  33  
9  3  25  15  2  5  18  27  1  1  9  20  23  
9  4  25  21  8  27  12  16  5  13  17  29  27  
3  29  18  6  7  15  24  13  1  9  7  1  26  
