7  24  9  4  49  
2  8  23  12  31  
8  16  15  22  27  
8  21  5  27  45  
7  15  20  14  25  
9  1  25  9  46  
9  23  27  4  23  
2  14  19  10  23  
8  2  26  16  21  
1  15  24  10  36  
9  21  7  16  27  
3  18  15  13  31  
2  24  2  25  28  
8  15  6  13  39  
6  27  28  29  35  
2  9  16  10  25  
2  27  16  19  50  
9  21  17  24  30  
1  18  22  24  21  
4  12  20  22  42  
2  14  21  17  35  
3  17  6  14  50  
8  11  15  9  47  
3  20  20  4  33  
5  9  22  19  48  
6  17  29  20  27  
8  24  6  18  44  
7  22  23  14  23  
3  15  13  14  44  
1  22  19  23  50  
4  16  3  17  35  
2  16  21  23  28  
8  29  14  3  22  
1  17  3  14  37  
8  19  3  21  21  
5  22  1  16  26  
7  26  20  13  40  
4  6  2  11  20  
6  3  16  24  49  
9  4  7  10  28  
8  2  12  6  32  
5  21  11  6  21  
6  25  1  24  45  
8  24  5  20  44  
2  10  16  27  35  
8  13  29  8  38  
5  13  19  27  41  
6  26  20  24  43  
7  3  21  15  38  
3  21  5  24  39  
6  3  24  15  28  
3  4  6  20  24  
4  18  8  26  39  
9  7  13  28  39  
5  19  28  23  24  
4  19  16  13  38  
3  6  10  20  42  
7  6  20  18  48  
8  11  26  18  26  
5  7  15  2  20  
5  13  4  14  45  
2  18  1  10  43  
2  2  15  13  36  
3  20  26  16  35  
5  21  13  13  33  
9  7  17  6  25  
6  18  5  5  37  
4  25  15  7  40  
3  4  12  15  31  
8  2  18  2  38  
3  23  27  15  37  
1  9  26  4  44  
3  15  12  22  33  
9  4  20  24  31  
6  10  22  19  29  
1  9  1  7  46  
1  14  27  5  46  
8  24  1  11  21  
9  21  14  27  24  
3  29  25  20  23  
5  11  15  16  33  
3  2  6  10  21  
5  5  15  4  22  
8  10  20  16  33  
8  7  29  6  49  
5  4  18  7  26  
9  10  13  21  49  
3  4  8  11  27  
3  10  26  6  48  
2  8  18  14  44  
9  22  6  14  42  
2  22  27  21  34  
8  17  21  16  25  
8  7  27  13  23  
6  29  18  3  46  
7  21  7  17  36  
7  9  15  13  49  
6  3  8  23  32  
9  8  12  2  22  
8  23  20  14  48  
4  15  8  13  32  
3  2  8  12  49  
9  10  22  2  21  
7  23  28  28  45  
2  12  2  2  39  
5  19  18  22  33  
7  11  8  18  28  
5  1  20  3  36  
4  23  17  25  45  
2  26  3  29  44  
2  13  2  11  37  
3  19  5  19  45  
2  29  14  11  23  
8  27  27  19  24  
2  2  13  25  42  
6  11  27  21  49  
9  5  18  13  35  
8  22  25  9  34  
2  6  25  21  42  
6  18  17  24  20  
5  1  3  20  36  
4  16  24  10  23  
4  15  29  10  45  
5  7  3  3  35  
3  4  23  10  41  
7  21  16  28  43  
3  2  16  17  33  
1  22  11  14  48  
3  18  25  7  36  
3  2  19  4  27  
2  15  16  26  36  
8  2  18  4  22  
8  5  2  6  38  
1  21  2  2  25  
1  22  23  28  23  
2  25  9  16  39  
6  1  1  2  33  
8  25  5  24  37  
2  18  16  3  36  
5  9  11  16  38  
1  11  23  2  40  
2  4  12  5  47  
8  2  3  24  24  
9  19  14  8  35  
3  9  25  8  44  
6  26  25  25  23  
4  22  6  24  43  
9  6  23  3  21  
2  10  1  17  47  
2  10  28  29  44  
7  14  4  18  24  
3  13  25  29  32  
3  13  4  7  30  
4  16  22  8  48  
5  11  1  25  25  
1  26  14  8  26  
5  1  5  22  40  
2  28  22  20  40  
8  5  2  4  49  
7  1  21  16  41  
9  24  4  14  29  
7  14  22  17  40  
2  20  10  5  44  
5  7  22  12  41  
5  16  17  12  46  
3  12  17  25  40  
2  26  3  9  44  
9  28  16  20  21  
5  9  3  22  37  
7  7  1  9  31  
7  23  14  26  20  
3  10  24  8  45  
2  29  4  15  50  
6  14  2  3  48  
6  6  29  23  31  
8  9  26  10  30  
3  10  27  8  26  
5  2  2  4  20  
2  11  29  24  48  
5  7  20  18  29  
9  7  14  7  39  
1  20  17  10  28  
3  15  8  14  27  
2  21  15  28  35  
4  1  10  1  37  
3  27  19  3  50  
8  7  25  24  47  
3  23  11  11  47  
9  24  5  28  25  
3  17  20  7  25  
8  18  23  6  30  
3  10  17  1  39  
9  14  24  20  28  
2  2  16  12  38  
2  9  23  9  33  
6  1  5  20  29  
9  19  26  26  44  
2  19  11  13  33  
5  12  23  2  37  
9  4  14  10  22  
3  6  11  26  37  
9  4  26  8  43  
3  19  25  13  30  
7  12  7  15  42  
6  11  17  14  30  
4  27  18  7  20  
8  1  24  12  49  
5  2  23  6  21  
8  8  5  13  26  
9  19  17  24  37  
9  25  17  27  22  
6  7  9  23  43  
9  15  27  28  47  
2  21  3  27  42  
8  1  3  20  22  
1  2  1  20  48  
6  15  7  25  28  
5  29  14  23  49  
8  14  4  19  44  
4  4  19  27  22  
4  14  9  2  47  
6  15  8  21  39  
6  21  8  5  36  
6  5  22  10  40  
3  7  4  1  21  
3  18  3  22  47  
4  5  11  8  43  
2  24  1  4  36  
8  20  10  21  25  
9  14  7  4  43  
9  9  12  9  23  
6  11  23  6  47  
1  15  3  15  31  
9  17  21  11  34  
5  29  21  21  42  
9  20  11  12  32  
7  25  7  24  39  
4  22  20  5  24  
2  2  10  4  24  
8  4  29  17  44  
4  13  10  17  26  
2  15  13  16  44  
9  18  27  26  38  
3  4  12  13  40  
8  21  3  18  48  
8  17  11  4  32  
6  2  13  7  33  
3  19  12  14  33  
5  13  21  1  21  
3  19  15  6  33  
7  13  9  15  39  
7  9  27  26  42  
1  11  5  10  24  
5  17  28  23  50  
7  12  25  8  47  
6  18  12  12  49  
5  27  15  24  33  
9  2  4  19  31  
5  14  7  9  29  
8  17  13  4  32  
2  4  8  16  33  
1  17  23  15  47  
6  25  2  23  34  
1  18  5  22  41  
1  20  5  2  30  
4  10  22  16  46  
1  21  21  7  35  
6  2  11  9  24  
7  12  23  21  38  
1  6  8  6  21  
9  11  21  19  48  
2  25  18  22  28  
3  11  15  15  25  
1  28  26  8  30  
9  24  17  3  31  
8  18  5  16  30  
7  14  12  28  33  
4  23  28  11  25  
5  22  28  8  45  
6  18  2  22  36  
4  2  9  6  35  
2  7  25  25  32  
3  14  16  26  49  
7  24  28  2  28  
8  28  6  15  42  
6  20  7  2  22  
6  5  4  27  26  
7  28  14  22  25  
4  8  9  15  35  
1  12  9  25  49  
4  5  20  9  46  
1  17  23  5  50  
2  22  24  10  50  
9  27  12  10  35  
5  23  18  2  28  
2  11  20  23  34  
2  16  15  9  41  
9  19  17  19  27  
8  4  23  13  29  
8  27  11  7  33  
3  6  14  23  27  
4  29  13  5  48  
3  10  22  14  24  
9  27  11  11  45  
4  11  13  25  29  
9  3  20  13  21  
3  14  13  29  49  
5  5  13  22  40  
3  27  27  15  25  
4  15  18  8  29  
1  1  14  18  21  
6  21  27  27  42  
1  13  27  13  40  
6  20  14  9  42  
5  6  12  5  30  
9  9  13  12  37  
9  23  3  15  42  
4  8  13  13  22  
8  10  10  13  35  
3  3  15  13  45  
8  5  26  14  42  
6  12  12  4  20  
2  9  23  9  40  
1  28  7  23  26  
2  28  23  18  26  
1  1  4  3  47  
4  6  23  4  24  
1  21  25  25  50  
9  25  22  10  39  
1  12  15  7  43  
6  13  12  15  42  
4  12  26  20  40  
2  22  23  29  42  
1  29  12  23  49  
4  5  7  26  33  
5  15  28  1  29  
6  23  26  24  31  
6  5  3  3  45  
2  26  20  13  47  
4  17  6  26  44  
7  22  28  28  35  
6  18  26  24  23  
7  14  7  5  41  
1  10  3  26  48  
8  20  21  23  20  
8  4  1  9  20  
9  18  5  22  36  
6  20  23  21  33  
9  21  13  1  30  
7  13  13  9  23  
3  2  17  13  45  
7  22  16  29  37  
4  21  10  29  49  
8  18  7  5  24  
3  27  9  29  50  
3  24  16  21  37  
3  24  13  4  38  
9  26  16  6  32  
9  26  6  3  37  
9  14  6  21  34  
4  12  26  23  33  
4  14  24  14  23  
7  29  18  10  26  
8  27  28  28  50  
9  28  8  12  48  
9  13  4  18  47  
2  9  13  9  37  
8  10  4  23  23  
9  23  28  21  33  
6  1  29  12  35  
2  19  6  24  40  
9  26  8  17  44  
3  7  27  21  40  
5  11  1  20  50  
4  23  23  28  23  
9  1  3  25  41  
8  2  22  3  22  
1  18  6  5  39  
1  9  24  15  43  
8  19  4  7  48  
1  8  21  1  23  
5  3  26  1  48  
4  14  20  24  32  
5  14  11  9  20  
4  11  29  7  40  
4  6  23  25  28  
5  2  5  15  45  
2  24  29  8  31  
5  18  14  1  39  
5  24  27  28  45  
1  3  7  4  43  
3  7  3  6  31  
9  27  14  10  24  
2  21  13  26  42  
6  18  15  9  49  
3  11  12  19  42  
5  19  21  14  33  
3  11  17  21  30  
1  5  2  15  32  
7  28  4  27  35  
3  12  19  14  35  
1  4  17  11  38  
5  6  9  25  47  
9  1  26  26  43  
3  27  9  16  27  
5  12  20  25  33  
3  15  5  8  25  
7  25  3  2  26  
6  14  5  28  21  
1  13  2  29  50  
6  16  24  9  45  
9  26  20  9  30  
3  17  15  2  37  
2  10  23  21  34  
1  26  12  3  25  
5  20  9  11  35  
1  5  8  27  30  
9  28  10  12  50  
3  16  11  19  36  
6  1  16  15  44  
3  24  27  12  36  
7  5  21  17  49  
3  21  5  20  48  
4  13  8  13  20  
3  21  29  21  47  
9  16  10  7  31  
6  19  3  20  35  
1  23  15  1  33  
6  12  23  11  50  
5  10  3  29  37  
9  19  17  9  42  
8  2  22  11  45  
2  27  26  12  34  
1  22  21  14  24  
5  7  23  23  22  
4  2  17  18  47  
5  13  6  1  34  
9  7  11  25  50  
9  5  9  1  31  
3  5  28  8  43  
8  4  6  15  40  
8  19  25  15  40  
3  27  6  6  46  
7  1  29  3  33  
8  20  4  4  46  
4  7  1  27  44  
6  12  5  24  49  
2  24  22  5  30  
5  7  13  29  22  
2  1  13  2  24  
1  1  1  8  24  
1  24  18  1  45  
7  16  8  4  46  
5  6  20  8  44  
3  18  27  5  41  
7  8  27  12  24  
5  12  10  6  38  
4  27  29  26  28  
8  16  21  1  50  
5  21  29  26  31  
9  29  29  9  49  
9  28  26  22  39  
9  25  10  21  47  
1  26  8  9  26  
2  4  19  21  20  
6  27  2  22  39  
1  27  19  27  48  
8  7  5  13  49  
6  15  6  8  31  
1  21  20  26  40  
8  3  28  6  45  
2  1  15  13  33  
1  5  16  18  44  
9  1  8  18  48  
7  25  8  7  49  
7  16  20  8  44  
8  6  28  5  45  
8  27  3  22  39  
1  13  25  1  30  
8  10  27  7  45  
1  1  9  21  43  
1  22  21  1  35  
4  7  13  16  26  
2  13  29  27  22  
3  21  29  5  47  
1  26  28  8  34  
5  17  2  23  29  
3  10  8  7  31  
2  15  16  5  46  
2  5  3  23  22  
4  23  18  20  32  
4  21  4  2  44  
8  15  9  16  37  
2  28  9  4  21  
5  24  12  17  32  
5  19  18  15  37  
9  12  18  20  20  
7  5  10  6  24  
1  8  27  28  25  
7  6  25  2  38  
3  13  29  27  27  
5  21  18  13  39  
5  14  1  6  21  
4  1  21  11  46  
2  1  24  27  28  
9  18  21  29  36  
2  9  25  9  28  
3  18  10  28  50  
1  18  8  10  21  
5  12  17  2  31  
6  10  23  11  48  
5  16  12  18  49  
8  15  14  12  32  
8  23  5  8  24  
4  11  25  6  47  
2  20  9  25  20  
2  8  22  8  44  
4  27  14  3  29  
5  6  1  26  44  
2  29  9  27  43  
1  10  28  20  21  
3  6  8  22  24  
1  9  20  7  31  
9  22  20  8  46  
6  4  21  7  28  
6  16  14  5  33  
5  2  12  6  25  
9  17  8  6  33  
5  26  27  14  29  
9  2  6  3  22  
8  25  18  17  43  
1  15  2  16  44  
9  19  9  17  45  
5  21  14  20  27  
9  22  22  4  43  
2  7  7  4  26  
8  6  26  9  23  
7  7  4  10  48  
2  23  12  7  34  
3  11  21  6  50  
2  16  12  18  43  
7  9  10  3  29  
4  20  25  6  29  
1  12  29  15  48  
2  3  16  29  34  
2  28  27  19  20  
6  6  4  12  30  
1  7  27  23  33  
9  3  1  3  23  
2  27  25  21  33  
8  28  26  26  23  
4  23  14  19  25  
6  24  8  18  42  
5  2  5  4  42  
5  17  23  24  36  
1  17  3  12  37  
9  17  25  12  43  
2  22  8  9  42  
9  1  27  23  34  
5  14  24  22  34  
4  6  14  23  34  
6  11  28  3  29  
7  26  6  8  32  
8  24  26  15  28  
7  18  27  25  46  
3  29  20  21  38  
8  9  14  27  45  
3  8  13  19  24  
3  20  18  13  42  
1  15  15  2  36  
9  26  10  12  31  
1  19  9  8  28  
8  11  23  17  47  
8  19  24  9  36  
4  24  23  4  24  
4  20  8  23  25  
8  9  29  26  50  
2  6  2  3  33  
2  13  22  26  20  
6  2  17  25  31  
5  3  10  1  42  
5  13  25  29  46  
3  9  7  1  45  
9  15  15  25  44  
8  14  1  7  39  
2  21  10  18  36  
9  18  4  2  41  
1  2  13  10  42  
7  9  7  27  41  
6  6  1  8  21  
6  29  28  10  43  
6  6  5  2  37  
8  27  28  12  32  
6  12  10  14  34  
3  18  5  10  34  
7  13  4  20  42  
7  9  10  29  47  
2  14  7  13  31  
5  20  28  11  47  
4  4  13  10  44  
2  28  8  21  26  
5  10  14  29  26  
7  7  24  2  33  
8  23  4  25  48  
6  7  12  7  36  
3  29  6  10  30  
4  11  29  17  30  
6  21  9  17  36  
9  23  6  21  20  
7  14  8  22  35  
9  16  5  17  32  
5  22  27  22  48  
8  3  3  21  29  
1  27  15  6  37  
8  2  24  3  44  
1  7  24  26  41  
7  8  19  20  20  
9  20  15  15  47  
6  20  26  28  29  
4  22  23  28  44  
5  8  13  13  35  
4  25  4  28  29  
9  11  17  6  22  
9  20  23  29  49  
8  15  17  9  39  
8  18  1  9  48  
4  9  15  27  40  
4  22  8  5  35  
7  16  21  7  41  
4  17  22  23  26  
1  20  12  16  25  
5  12  9  17  33  
7  13  6  22  37  
8  7  23  29  40  
5  14  18  9  32  
6  18  14  24  38  
3  21  2  15  23  
8  21  20  16  35  
9  1  1  7  29  
7  21  19  11  32  
9  7  18  21  28  
4  2  2  17  40  
2  21  18  3  36  
2  1  8  15  42  
9  10  3  20  23  
8  11  6  22  46  
8  13  26  15  20  
4  20  29  23  40  
8  4  5  28  21  
2  6  24  18  42  
5  23  11  25  33  
1  5  13  14  28  
3  17  12  15  45  
3  5  24  28  50  
4  7  25  9  50  
3  21  22  27  29  
2  7  1  19  46  
1  10  5  9  28  
7  8  1  6  37  
3  12  20  17  36  
1  27  10  14  30  
9  18  29  11  21  
5  4  11  11  34  
5  3  22  25  44  
1  8  22  18  50  
5  22  9  25  26  
1  24  4  17  44  
6  6  19  28  44  
4  17  2  5  39  
6  27  8  21  44  
8  14  4  6  26  
5  19  29  14  38  
9  11  21  10  30  
8  8  29  4  43  
4  20  9  20  32  
9  20  18  19  30  
5  4  1  21  45  
8  24  14  23  47  
1  27  12  22  43  
4  1  15  6  44  
4  18  14  7  48  
3  3  27  4  22  
9  19  17  3  27  
7  13  8  22  22  
6  23  23  2  50  
8  13  24  13  29  
8  27  23  13  35  
5  1  28  23  33  
5  28  29  9  44  
8  15  7  22  43  
6  20  26  6  23  
1  29  28  4  46  
1  6  3  4  21  
5  22  6  23  31  
6  6  1  19  48  
3  6  13  20  46  
6  3  28  14  24  
9  29  10  25  25  
3  12  7  4  24  
9  27  4  29  29  
1  27  1  13  49  
6  5  11  20  48  
3  1  4  19  22  
3  22  3  10  37  
3  28  7  29  47  
2  3  23  2  43  
4  16  16  29  33  
8  23  20  28  44  
7  15  7  4  22  
8  23  18  4  41  
3  9  25  5  31  
7  7  5  6  22  
8  22  12  25  38  
7  10  28  15  28  
4  20  18  9  27  
3  7  24  21  41  
2  1  15  19  47  
9  8  6  13  44  
8  29  4  14  38  
4  26  5  23  29  
6  27  3  16  20  
8  13  13  27  44  
8  16  28  17  32  
3  26  7  3  38  
3  21  29  20  28  
8  21  13  13  33  
2  1  27  23  35  
2  11  1  25  49  
8  19  4  19  44  
4  24  19  21  21  
3  11  8  15  37  
2  5  18  19  37  
6  29  17  20  24  
3  27  22  9  37  
5  11  8  26  21  
3  6  25  12  27  
4  9  10  29  43  
1  4  29  8  37  
9  20  7  4  45  
8  17  27  5  32  
8  22  20  4  48  
1  7  22  19  43  
8  29  2  19  39  
8  7  15  14  49  
4  13  11  22  29  
9  29  7  18  28  
2  29  28  10  38  
7  3  10  14  38  
9  25  26  16  29  
3  23  6  21  28  
2  22  20  10  31  
9  21  28  14  26  
1  18  22  10  48  
6  22  17  13  50  
1  6  5  18  36  
4  28  6  6  40  
9  12  24  19  20  
9  15  21  19  29  
6  15  14  19  30  
7  29  16  17  29  
9  26  20  14  44  
5  5  15  13  42  
9  21  10  27  21  
9  23  29  23  31  
3  13  5  19  30  
1  24  19  19  25  
7  17  26  22  29  
6  28  3  8  20  
7  9  7  2  49  
6  17  4  27  20  
5  3  3  23  44  
4  18  14  25  21  
6  3  13  15  21  
2  6  1  26  45  
9  4  10  25  36  
7  20  11  6  36  
5  12  22  10  39  
2  21  28  23  46  
9  19  3  23  23  
3  6  14  15  32  
8  13  18  2  32  
2  5  2  1  32  
6  8  19  19  21  
3  4  14  28  21  
7  17  1  4  21  
1  23  17  11  50  
1  16  16  2  23  
9  11  1  27  35  
6  22  4  2  47  
1  18  10  15  23  
9  9  26  28  26  
6  29  20  25  43  
5  16  28  22  21  
2  22  23  20  47  
7  26  28  13  47  
7  16  9  19  45  
4  25  21  16  48  
7  24  29  4  42  
9  7  9  13  20  
6  6  5  15  21  
5  12  4  22  30  
3  4  26  12  47  
1  17  11  19  22  
8  16  29  3  45  
6  17  21  23  35  
8  19  6  26  41  
9  6  22  21  21  
5  11  2  4  46  
4  7  21  5  37  
1  16  12  16  48  
7  16  4  18  39  
6  6  28  17  47  
3  15  16  4  31  
1  8  8  7  50  
7  25  27  19  31  
6  15  29  14  33  
8  2  29  23  47  
4  9  20  10  27  
5  5  23  25  38  
5  15  4  1  42  
4  29  18  18  30  
6  4  12  10  25  
7  24  12  21  48  
7  26  17  20  20  
2  10  1  11  27  
6  4  9  6  33  
4  28  1  22  41  
4  19  26  27  50  
4  5  16  4  38  
2  9  12  3  32  
9  26  6  3  24  
9  17  25  29  35  
8  18  28  25  22  
2  17  1  27  32  
4  2  5  12  30  
5  15  6  24  36  
7  18  23  9  44  
2  27  23  15  49  
8  28  6  14  30  
2  5  1  6  43  
4  20  2  23  39  
5  26  3  6  34  
5  5  2  7  50  
9  8  29  16  31  
3  28  12  15  29  
1  6  14  19  36  
4  26  8  25  31  
2  24  21  14  32  
6  17  4  1  21  
1  1  20  9  43  
8  12  19  9  32  
8  21  24  28  24  
5  20  8  1  37  
3  23  22  21  24  
5  3  26  13  27  
6  5  12  20  27  
5  1  23  3  27  
7  16  27  16  31  
2  22  15  22  27  
1  14  8  26  21  
6  3  4  16  23  
5  10  21  28  49  
6  24  4  24  28  
3  14  14  22  31  
8  4  17  21  47  
7  13  20  11  43  
9  29  4  17  46  
3  18  28  21  24  
7  7  22  10  34  
1  4  21  21  37  
2  11  27  11  35  
2  14  28  16  37  
5  10  22  16  27  
9  25  19  5  38  
6  21  6  22  42  
1  5  4  15  28  
4  29  22  5  24  
9  24  7  13  34  
9  18  13  24  49  
7  24  23  7  30  
7  25  22  17  30  
1  23  14  22  46  
5  6  21  17  33  
8  26  4  20  34  
9  25  23  8  33  
6  7  23  19  31  
1  22  12  19  37  
6  9  5  21  47  
3  2  28  5  31  
3  8  3  5  49  
8  15  24  23  41  
3  19  6  15  20  
1  25  6  13  21  
9  2  5  14  22  
3  9  21  2  37  
9  24  20  8  48  
4  2  13  24  26  
7  8  19  12  45  
5  12  21  18  35  
7  13  16  28  35  
5  17  19  4  32  
7  14  25  7  33  
2  14  22  2  43  
8  15  11  27  36  
3  18  9  9  26  
2  11  24  19  44  
2  5  1  29  44  
7  20  3  4  48  
4  19  27  16  24  
3  26  4  8  39  
3  7  11  28  23  
5  21  2  22  27  
5  16  20  23  25  
3  14  3  14  46  
5  15  27  17  46  
1  4  25  1  22  
4  18  14  25  36  
6  7  7  2  37  
1  4  25  13  23  
8  15  7  15  36  
6  2  28  24  28  
8  8  29  27  24  
1  25  22  28  33  
4  18  24  8  39  
3  13  8  13  46  
8  1  9  18  47  
8  16  12  9  29  
9  15  28  23  28  
2  9  17  2  43  
8  1  25  13  47  
6  23  25  28  28  
1  14  18  19  34  
3  11  10  17  24  
1  3  10  20  29  
5  26  1  21  39  
8  25  9  6  47  
5  10  17  11  50  
1  28  10  18  34  
4  11  2  4  38  
3  7  17  15  35  
3  23  27  16  28  
4  3  16  24  37  
1  26  26  16  20  
3  13  23  22  43  
7  15  6  27  44  
4  21  11  7  27  
1  21  19  17  33  
6  13  22  18  26  
3  19  10  8  39  
9  18  23  23  20  
4  25  16  17  27  
2  9  22  14  22  
1  3  3  6  43  
4  22  25  12  40  
8  24  24  23  28  
3  12  2  7  34  
8  19  3  15  45  
2  23  8  26  31  
4  20  11  25  36  
7  17  12  29  41  
3  7  19  18  47  
1  9  27  23  49  
8  2  20  5  39  
1  26  12  16  37  
1  16  4  5  36  
6  17  21  25  37  
7  22  11  23  33  
6  1  27  15  39  
4  24  23  10  38  
8  7  3  5  25  
3  16  2  9  27  
8  3  19  3  48  
9  10  17  22  45  
4  25  15  8  37  
2  25  20  22  42  
5  8  9  16  35  
3  23  9  9  28  
6  6  24  7  38  
2  24  27  18  50  
7  2  1  16  42  
8  7  22  12  31  
6  26  19  10  23  
1  14  25  1  35  
6  4  7  2  39  
3  11  12  5  44  
5  15  24  3  43  
4  5  23  26  38  
5  19  2  9  46  
2  27  22  6  33  
5  2  23  12  31  
8  29  29  8  38  
2  15  11  9  20  
4  28  8  2  45  
3  5  15  27  33  
1  29  7  27  37  
1  22  20  14  47  
1  4  7  21  47  
7  28  24  9  37  
2  2  15  15  43  
7  10  28  2  33  
3  23  18  11  36  
8  4  19  8  44  
9  6  20  10  21  
9  18  24  19  30  
4  29  27  18  40  
6  2  12  25  42  
8  4  18  10  29  
9  21  9  13  43  
7  3  27  11  44  
6  10  29  21  47  
5  22  26  25  48  
2  25  22  26  38  
7  7  12  22  24  
7  28  17  11  30  
4  13  25  29  23  
8  19  2  7  42  
1  1  24  9  24  
5  24  20  21  31  
8  2  10  6  47  
4  26  2  10  34  
6  6  1  3  28  
2  21  21  4  22  
4  6  6  9  39  
6  2  6  17  32  
4  3  10  18  49  
2  8  2  11  45  
6  10  19  15  41  
2  11  24  24  43  
6  28  22  24  33  
3  29  18  16  20  
3  11  27  19  31  
7  12  18  10  20  
3  11  28  16  39  
1  14  26  2  39  
2  25  9  27  45  
8  22  15  2  49  
4  3  12  16  48  
4  27  24  27  32  
6  12  26  3  21  
5  15  16  28  28  
6  6  4  5  49  
9  9  15  6  23  
6  8  17  19  27  
8  17  12  2  35  
9  27  19  15  25  
5  22  28  25  50  
8  17  25  7  38  
8  5  3  25  41  
1  23  9  18  40  
8  24  4  20  29  
8  14  17  2  36  
6  29  4  27  50  
1  1  13  23  42  
2  22  12  6  43  
2  20  11  12  50  
6  9  23  21  46  
3  20  1  2  24  
5  10  3  11  41  
1  14  1  24  26  
4  10  11  18  23  
5  22  12  4  26  
1  4  23  21  26  
5  4  5  27  39  
5  9  24  20  41  
4  28  17  2  21  
1  10  18  14  46  
9  15  26  7  45  
3  10  11  23  28  
9  27  27  6  32  
1  12  25  27  47  
4  16  21  26  50  
1  26  2  20  33  
5  17  10  12  48  
5  27  26  22  32  
6  25  18  1  27  
9  24  13  4  28  
6  17  18  1  39  
8  6  5  27  32  
9  8  26  1  25  
2  22  15  25  31  
9  6  5  25  26  
6  15  20  12  30  
8  12  16  28  33  
5  14  22  10  28  
3  2  16  2  47  
7  3  15  18  29  
8  9  20  20  43  
9  28  7  8  21  
3  5  10  17  50  
6  10  20  17  27  
4  23  20  14  29  
7  7  11  4  30  
6  18  14  14  37  
5  21  24  22  27  
7  29  22  6  21  
9  3  11  3  40  
9  24  24  14  36  
5  24  11  17  20  
4  29  25  2  25  
6  15  16  4  41  
4  21  16  16  31  
6  24  14  7  38  
3  12  23  14  42  
2  14  9  20  44  
2  27  6  13  35  
7  5  20  12  22  
9  15  12  1  30  
9  18  13  20  47  
1  18  21  14  36  
5  25  8  7  49  
8  12  9  12  40  
4  12  11  27  26  
3  29  17  24  42  
5  19  19  8  37  
8  7  13  13  46  
2  23  21  22  28  
8  2  22  20  22  
4  22  22  23  39  
4  22  26  29  47  
8  17  1  20  20  
9  2  4  12  48  
8  25  9  5  44  
1  6  10  10  44  
8  21  27  10  38  
2  7  4  23  46  
4  26  22  12  47  
4  22  21  4  21  
9  23  13  19  43  
8  26  18  19  35  
6  19  11  8  43  
7  28  28  16  22  
9  18  10  27  29  
2  13  19  14  22  
1  14  6  25  35  
7  20  14  5  33  
1  14  19  23  46  
7  6  12  28  38  
4  7  2  14  41  
6  18  13  4  22  
8  8  14  3  40  
1  16  15  22  34  
2  7  9  9  38  
8  2  13  27  24  
4  28  27  10  47  
2  29  2  4  49  
7  10  29  24  26  
4  18  13  18  20  
2  21  27  16  44  
4  1  17  7  49  
4  6  3  22  32  
4  5  26  8  27  
4  14  29  24  40  
9  9  9  3  45  
1  17  3  8  33  
8  1  13  25  28  
6  4  27  23  28  
1  11  4  21  43  
6  12  7  24  41  
4  11  11  28  42  
6  17  7  5  37  
5  27  19  15  36  
1  13  25  2  29  
8  19  16  17  25  
4  2  10  16  20  
7  28  16  22  49  
8  8  12  18  41  
3  1  29  29  48  
7  13  21  9  42  
9  20  21  1  28  
4  14  16  21  48  
4  25  2  18  29  
5  12  20  12  41  
7  21  2  14  33  
5  7  27  1  23  
4  12  11  13  25  
5  27  18  10  27  
1  18  28  11  22  
5  20  8  23  42  
4  25  14  23  34  
8  16  18  12  31  
8  24  24  27  25  
3  25  7  4  41  
4  11  14  19  38  
8  13  3  7  48  
6  14  8  4  20  
4  19  24  11  31  
3  28  12  10  29  
5  26  7  14  36  
4  20  29  28  49  
1  9  5  14  29  
5  12  3  7  32  
5  28  14  10  36  
5  3  15  14  50  
8  12  7  25  29  
4  4  11  4  44  
8  11  1  1  30  
1  10  5  20  38  
9  10  3  3  39  
2  4  14  1  45  
2  28  5  5  48  
5  3  28  21  30  
5  26  1  18  46  
9  3  14  22  20  
5  7  13  10  20  
6  6  16  16  33  
4  11  29  4  43  
1  10  4  5  27  
6  12  1  17  47  
7  13  26  19  20  
2  21  21  3  43  
8  15  25  26  38  
5  16  5  2  21  
6  17  16  12  25  
9  6  3  15  49  
6  14  21  23  37  
2  2  17  4  47  
4  9  27  13  49  
3  26  29  11  33  
1  1  8  28  36  
7  24  7  19  37  
9  22  12  3  39  
1  10  14  7  22  
3  17  10  26  49  
5  5  28  29  47  
9  28  15  29  49  
5  8  10  9  38  
4  10  14  7  47  
4  5  10  12  46  
9  10  18  13  20  
4  25  2  17  33  
9  9  28  9  22  
3  24  15  2  43  
7  11  2  16  47  
9  13  28  7  21  
8  22  12  22  27  
5  20  11  16  30  
5  25  27  22  50  
5  22  16  7  27  
3  12  14  15  43  
9  12  26  1  34  
5  29  14  3  44  
3  22  25  12  32  
9  14  3  21  43  
3  4  4  8  41  
8  11  9  20  20  
8  21  10  29  49  
4  7  26  9  34  
1  3  3  25  34  
8  6  23  5  34  
9  27  26  17  45  
4  20  16  21  29  
9  15  6  9  24  
7  27  10  24  43  
4  8  10  29  34  
6  22  23  11  39  
7  26  19  13  36  
9  25  16  23  28  
1  16  21  6  32  
6  8  13  16  32  
1  2  23  18  49  
4  15  15  2  22  
3  7  8  11  28  
9  21  3  26  32  
3  18  16  12  46  
4  9  10  4  50  
5  12  4  28  39  
9  19  10  17  37  
3  6  5  11  29  
3  19  18  20  35  
9  12  15  15  43  
1  21  24  8  25  
4  24  27  8  30  
7  25  9  10  44  
9  6  11  15  32  
8  5  29  25  45  
8  6  27  22  25  
2  8  9  3  37  
2  18  2  22  26  
9  6  18  12  25  
8  2  19  1  33  
1  15  8  20  27  
5  8  29  1  34  
7  8  24  26  30  
8  29  27  1  48  
6  11  19  20  33  
6  10  15  9  41  
8  11  2  6  38  
5  3  25  10  37  
3  12  9  24  40  
4  20  17  14  43  
3  16  2  4  45  
7  16  20  28  46  
4  22  14  14  45  
1  3  13  3  26  
6  11  22  13  37  
4  3  15  26  30  
2  6  18  6  34  
5  27  28  6  20  
5  16  16  23  26  
7  4  28  10  47  
3  5  19  26  26  
3  25  1  6  21  
4  10  4  2  34  
2  18  16  2  25  
4  1  5  10  27  
3  1  18  21  21  
1  18  14  1  21  
3  15  17  8  40  
1  27  6  12  30  
9  18  20  23  21  
1  9  12  4  41  
7  15  28  26  22  
2  11  27  18  26  
2  17  18  16  45  
9  18  28  6  20  
2  29  6  12  33  
6  8  13  9  49  
3  9  17  24  21  
1  4  22  12  27  
9  11  14  10  36  
5  20  6  23  37  
1  11  13  29  25  
1  20  8  25  49  
2  8  8  14  32  
3  1  25  14  33  
3  28  6  6  39  
3  9  1  29  20  
1  20  9  18  35  
2  5  10  13  36  
6  8  7  12  44  
9  12  5  12  39  
1  20  10  21  29  
4  5  26  13  20  
9  10  24  8  30  
8  26  28  29  25  
2  26  27  17  21  
8  21  27  16  36  
5  5  10  15  48  
7  9  4  4  47  
7  21  20  6  47  
9  26  20  18  39  
3  29  9  19  35  
6  28  18  28  50  
9  5  10  10  39  
9  27  16  17  35  
2  27  3  2  27  
6  11  29  9  21  
9  15  1  2  21  
4  12  16  20  49  
9  14  7  10  26  
6  7  4  1  29  
3  11  4  20  40  
1  11  6  19  34  
4  24  14  20  39  
6  22  10  24  23  
5  26  8  13  38  
9  12  23  25  37  
5  24  15  24  50  
7  10  15  29  26  
6  2  22  18  33  
5  27  2  28  24  
2  1  22  6  41  
4  14  6  15  49  
7  25  28  12  40  
9  21  8  6  47  
5  13  18  16  24  
7  21  18  22  44  
7  28  5  20  44  
2  8  14  26  35  
3  9  15  14  33  
1  5  25  25  21  
7  26  10  3  37  
9  15  28  21  23  
5  2  22  23  27  
7  5  24  28  36  
8  3  3  13  22  
4  5  3  13  41  
9  14  12  14  50  
9  22  18  28  21  
7  5  17  25  42  
4  13  6  26  20  
8  27  7  17  22  
2  25  4  6  22  
4  19  5  4  40  
7  3  21  2  29  
1  7  21  3  31  
4  28  26  17  42  
1  19  2  23  42  
9  5  22  25  39  
2  18  13  22  28  
2  23  7  20  30  
1  22  2  8  42  
2  20  16  11  26  
3  20  10  6  50  
4  19  7  12  33  
9  5  4  20  43  
1  11  29  23  42  
4  19  8  26  23  
5  7  19  24  47  
9  2  1  25  27  
4  27  7  29  34  
2  11  7  16  48  
8  28  17  23  22  
6  11  28  8  49  
2  9  6  4  33  
3  2  2  18  40  
3  26  19  22  47  
5  21  24  21  42  
7  23  1  10  36  
3  24  18  7  44  
8  15  10  18  31  
2  13  11  4  33  
4  16  4  26  29  
3  22  10  2  27  
1  24  22  4  42  
2  13  7  15  23  
8  14  12  24  23  
4  29  3  22  44  
6  6  8  25  23  
5  19  9  20  23  
2  14  13  25  33  
7  18  22  11  32  
6  7  9  4  24  
7  18  12  23  28  
4  23  26  11  32  
3  14  25  16  26  
2  11  11  17  23  
4  20  29  14  23  
3  4  14  24  31  
3  5  15  4  48  
5  27  13  10  28  
6  18  23  8  38  
8  20  9  23  45  
1  15  3  1  21  
5  9  1  7  42  
2  27  25  22  21  
8  5  28  22  29  
5  24  22  28  48  
6  12  28  25  38  
8  5  14  27  47  
2  21  6  22  38  
5  21  9  21  23  
9  7  4  28  29  
4  16  22  2  47  
2  20  14  26  36  
3  3  27  28  42  
7  29  20  6  40  
6  26  26  5  24  
8  6  23  8  46  
5  23  12  16  30  
7  20  16  8  26  
6  5  11  8  39  
7  6  28  23  34  
7  1  13  27  36  
1  24  19  15  50  
7  1  5  29  48  
2  16  18  28  49  
4  19  17  1  41  
9  15  24  16  43  
5  16  10  5  21  
8  9  25  11  47  
2  28  9  5  36  
5  24  13  14  35  
6  29  16  1  49  
9  5  20  18  35  
5  12  24  5  20  
5  15  26  11  43  
7  18  3  29  35  
4  14  10  21  23  
2  25  29  10  29  
7  11  9  20  39  
7  28  1  9  33  
3  3  11  6  31  
8  25  13  15  36  
5  26  1  12  28  
2  29  16  15  23  
4  21  2  17  42  
6  7  24  29  50  
5  5  8  9  47  
1  22  1  5  27  
8  10  12  27  40  
8  6  5  1  45  
9  12  5  13  48  
5  1  29  26  44  
8  10  22  21  41  
5  21  16  28  38  
9  4  28  6  46  
8  23  22  3  32  
9  15  18  22  23  
2  13  15  11  46  
5  9  21  6  23  
5  20  11  25  31  
2  17  13  2  37  
4  15  22  2  40  
8  10  29  28  28  
2  12  24  14  30  
9  15  23  27  41  
6  20  12  6  20  
5  3  8  8  23  
7  4  25  21  34  
8  9  14  7  22  
7  17  6  11  39  
4  28  8  12  39  
6  13  15  23  25  
2  24  8  2  46  
5  1  8  6  34  
8  25  16  9  27  
8  13  8  25  50  
9  6  25  26  35  
3  17  18  4  43  
5  12  11  28  29  
9  11  16  10  23  
6  19  5  19  47  
1  26  26  19  30  
7  22  9  5  32  
4  7  15  26  25  
3  14  6  4  42  
3  7  16  9  36  
4  23  24  4  26  
7  11  25  5  20  
4  26  10  24  29  
9  17  19  12  26  
8  2  27  22  30  
7  7  24  15  25  
6  25  12  12  50  
5  28  1  2  25  
5  7  28  5  47  
8  9  15  12  31  
1  23  19  24  47  
4  29  4  7  33  
7  24  24  7  27  
5  7  25  29  32  
7  23  27  8  45  
9  1  17  4  26  
5  17  9  12  20  
9  27  18  22  30  
6  18  9  24  21  
9  6  19  18  20  
3  5  20  8  32  
9  29  20  10  30  
6  13  24  21  28  
4  5  15  18  42  
2  8  5  24  45  
9  29  27  18  41  
8  5  11  22  21  
2  17  25  11  47  
9  3  7  3  32  
3  10  14  23  33  
2  19  28  20  29  
6  2  3  14  20  
2  16  8  26  43  
5  16  22  18  35  
9  3  15  12  50  
7  16  20  7  26  
1  23  26  4  50  
2  17  2  13  29  
5  14  13  14  39  
9  8  23  13  34  
7  18  8  12  23  
7  26  18  16  32  
5  28  15  4  26  
3  12  17  13  27  
2  15  3  7  41  
3  1  26  9  28  
6  9  7  4  34  
1  11  26  11  28  
8  8  13  26  41  
5  25  1  15  31  
9  3  21  15  50  
3  12  3  18  39  
6  29  17  16  27  
1  17  26  25  45  
4  21  8  21  20  
7  24  7  26  50  
6  24  8  25  33  
7  26  23  27  22  
4  16  4  14  43  
7  25  22  15  25  
2  29  13  23  39  
8  12  9  1  42  
7  22  12  16  45  
5  19  25  6  32  
3  1  26  8  32  
5  1  14  27  37  
8  5  14  17  25  
2  12  27  3  39  
7  20  20  21  35  
5  6  23  11  23  
4  3  13  13  32  
5  20  4  15  21  
5  26  27  8  32  
5  9  26  10  49  
2  24  11  15  35  
9  10  8  23  48  
4  16  7  13  31  
4  28  25  21  36  
4  14  12  3  30  
9  19  19  29  47  
6  8  13  1  35  
3  14  22  24  41  
4  13  13  4  43  
4  16  3  28  41  
9  2  10  25  20  
1  1  25  27  27  
4  29  11  3  25  
1  21  26  9  31  
3  10  21  1  46  
5  19  8  7  27  
3  2  17  24  32  
8  20  14  4  20  
5  9  17  7  39  
7  11  24  20  49  
7  11  26  19  31  
2  3  19  19  23  
5  12  16  3  24  
7  8  14  20  21  
3  23  7  7  31  
1  20  17  24  41  
8  16  23  16  27  
9  3  11  28  28  
5  16  2  26  32  
8  15  8  19  36  
5  10  11  10  24  
1  29  27  7  26  
8  7  14  1  44  
4  5  17  18  32  
9  24  5  7  41  
9  3  3  28  30  
1  25  7  4  47  
9  12  8  11  26  
3  22  20  19  30  
1  19  8  3  43  
4  16  10  2  37  
4  24  28  13  22  
8  11  22  17  49  
3  1  14  4  31  
4  7  25  15  41  
3  13  11  27  25  
6  22  11  5  40  
4  18  1  8  41  
8  25  12  29  48  
2  3  21  29  20  
6  28  18  23  40  
1  29  13  2  42  
3  4  21  23  27  
7  14  11  1  25  
2  25  8  8  38  
4  22  22  10  35  
1  25  9  29  30  
5  14  21  6  36  
9  24  27  1  36  
5  24  19  14  47  
7  24  5  20  45  
7  21  25  11  36  
3  24  11  8  45  
5  2  22  23  23  
2  19  9  5  47  
6  5  13  25  38  
7  23  24  23  46  
8  16  16  24  24  
6  11  10  8  49  
3  15  4  9  48  
8  3  1  1  25  
8  17  23  13  46  
6  17  8  1  44  
3  25  28  27  43  
9  14  20  5  45  
3  19  18  27  37  
7  1  1  18  30  
4  21  17  23  29  
2  7  8  6  25  
3  5  1  17  20  
6  1  6  15  36  
3  8  5  9  37  
1  22  12  19  38  
7  14  6  6  24  
3  10  5  9  22  
4  28  9  26  25  
8  8  28  25  50  
9  20  11  16  30  
3  9  7  28  47  
6  2  26  2  47  
4  14  24  27  49  
7  4  21  29  50  
4  1  28  12  31  
2  8  17  15  36  
1  9  15  21  43  
2  16  5  19  41  
3  1  11  29  32  
9  15  25  18  25  
4  19  5  7  48  
2  11  7  26  32  
9  1  3  3  27  
8  15  2  4  40  
4  17  12  25  27  
2  7  1  24  31  
7  1  25  12  38  
5  4  16  11  41  
6  14  19  1  43  
9  13  1  26  36  
6  18  3  29  20  
1  20  1  15  24  
1  24  25  10  34  
3  1  29  9  26  
1  16  19  20  50  
3  17  17  6  42  
7  22  24  17  25  
2  27  6  6  26  
8  12  7  12  50  
8  7  2  7  21  
4  8  14  10  21  
6  19  3  14  43  
7  25  3  2  29  
4  17  20  6  41  
2  16  2  9  35  
6  2  21  11  23  
6  5  12  1  50  
9  27  12  19  39  
8  2  1  15  35  
8  21  14  25  46  
8  17  5  24  27  
1  22  18  1  41  
6  10  24  1  31  
4  20  1  29  39  
1  28  15  7  47  
9  17  28  24  26  
5  22  8  16  44  
2  26  21  14  26  
4  13  8  24  20  
7  1  4  18  35  
6  17  26  1  22  
3  11  21  4  42  
7  12  4  16  20  
8  29  11  28  35  
5  2  26  27  35  
1  11  1  11  50  
6  4  17  22  41  
3  17  28  7  29  
6  3  7  29  35  
9  28  4  9  36  
5  8  24  28  38  
1  24  7  13  27  
9  7  17  25  29  
9  22  5  7  48  
4  10  28  15  20  
1  3  4  5  22  
6  8  13  14  38  
7  20  6  12  21  
5  20  10  22  20  
6  14  7  12  42  
7  4  21  17  26  
1  10  21  28  42  
5  17  11  9  50  
8  11  2  5  30  
4  29  4  23  38  
8  21  11  8  45  
1  6  26  9  49  
6  16  14  18  40  
6  13  8  20  23  
8  17  29  21  41  
1  2  6  18  47  
8  25  29  13  36  
4  1  11  20  38  
2  19  5  4  37  
6  2  7  26  43  
4  14  29  13  27  
5  9  14  25  47  
6  29  7  6  46  
3  21  16  11  42  
5  18  17  12  29  
7  17  4  13  28  
7  7  27  2  31  
7  25  25  5  29  
7  21  1  11  23  
5  22  19  2  45  
8  13  20  17  48  
4  24  26  27  40  
5  23  8  1  33  
3  2  25  22  46  
9  10  15  24  22  
1  1  4  20  45  
7  16  4  1  26  
3  5  7  17  28  
8  3  10  29  44  
4  21  1  25  29  
5  20  9  13  27  
7  28  18  27  43  
9  19  14  3  34  
9  19  18  9  42  
6  16  13  26  41  
7  6  16  18  25  
9  25  16  18  44  
1  28  25  22  37  
1  23  4  18  27  
2  10  25  5  22  
6  1  26  17  44  
7  23  4  10  27  
1  15  5  2  37  
9  3  2  22  50  
6  21  2  17  47  
2  14  11  26  49  
2  20  13  10  43  
9  11  6  5  42  
5  12  8  20  50  
2  26  20  9  21  
9  25  7  22  37  
8  20  29  10  40  
3  19  2  4  29  
4  9  21  13  48  
8  17  18  4  48  
9  8  3  21  22  
7  3  14  23  35  
4  17  4  9  27  
8  22  4  6  31  
9  5  22  13  20  
1  16  19  27  33  
7  26  9  4  25  
3  2  22  20  48  
6  27  8  1  28  
4  6  16  22  41  
6  2  10  5  31  
9  16  29  18  29  
8  7  1  29  39  
4  2  25  13  29  
2  2  2  7  26  
4  12  18  1  35  
7  21  24  10  39  
4  8  18  22  47  
1  29  21  21  47  
5  1  19  16  40  
6  16  20  7  40  
2  8  5  2  43  
5  13  6  10  26  
3  5  19  19  29  
8  28  19  25  44  
2  27  18  12  26  
2  27  24  5  45  
5  22  27  26  24  
5  4  11  7  45  
4  3  18  17  45  
9  4  24  27  24  
4  27  26  15  48  
5  7  26  15  45  
1  5  25  14  50  
5  19  26  1  20  
6  11  15  14  41  
8  8  4  7  46  
4  13  3  2  24  
6  9  3  18  37  
1  1  25  25  38  
2  20  1  1  29  
9  7  1  18  40  
9  10  23  24  46  
1  21  27  5  34  
6  24  25  12  33  
3  17  20  20  30  
1  19  5  28  46  
1  14  8  6  50  
9  4  21  27  47  
2  17  23  11  33  
2  13  27  17  37  
2  16  23  14  33  
4  20  17  27  38  
7  23  23  22  21  
7  18  19  6  34  
2  8  27  13  34  
9  11  7  14  39  
4  26  1  6  49  
4  24  14  10  39  
9  6  22  12  26  
9  7  17  20  35  
1  4  2  17  25  
6  24  13  29  30  
6  16  10  18  27  
8  27  27  22  32  
4  15  21  27  26  
9  21  5  16  36  
8  25  7  25  35  
2  3  9  29  34  
5  17  27  21  42  
3  1  24  12  45  
3  11  5  10  45  
6  22  22  3  34  
9  6  16  19  43  
4  6  12  27  45  
6  27  13  7  22  
9  18  24  11  34  
8  18  19  15  39  
5  27  10  1  48  
8  15  16  14  37  
9  14  26  15  34  
7  13  28  21  47  
4  29  18  17  20  
8  2  8  19  28  
4  4  18  17  39  
8  28  28  25  24  
9  21  19  21  28  
5  28  3  28  22  
9  2  8  19  29  
1  8  7  7  37  
2  4  5  8  33  
5  22  1  2  47  
4  21  24  12  39  
8  22  1  23  40  
8  2  18  25  20  
6  14  13  5  46  
7  28  3  26  26  
8  21  1  28  44  
2  13  15  6  44  
5  13  19  12  38  
6  14  14  23  20  
7  25  17  7  45  
9  4  21  17  38  
2  27  17  8  26  
4  19  15  19  48  
3  12  29  15  31  
8  18  9  3  28  
9  10  9  4  26  
3  16  7  26  26  
8  4  4  29  32  
8  1  21  4  23  
2  14  19  29  32  
4  25  7  15  50  
1  22  5  23  43  
5  13  22  28  49  
2  8  15  9  48  
9  29  27  10  50  
8  18  18  5  37  
6  26  29  28  40  
8  12  2  12  22  
4  20  17  6  49  
8  28  25  29  43  
4  1  8  3  45  
8  20  7  28  32  
8  17  7  18  46  
1  27  22  7  38  
1  14  3  22  37  
2  28  3  26  26  
1  9  3  24  46  
1  6  9  10  22  
7  20  27  8  36  
1  28  22  22  47  
2  11  7  27  50  
3  24  10  2  31  
6  2  3  11  22  
1  18  14  21  26  
4  3  1  14  23  
8  4  8  18  50  
4  4  20  4  39  
8  11  28  15  39  
8  7  9  3  35  
1  18  16  21  33  
7  25  14  24  33  
1  9  20  18  27  
3  17  24  27  25  
6  22  16  25  22  
4  28  16  14  27  
1  8  3  29  27  
2  20  19  19  49  
7  20  12  19  45  
6  3  17  5  40  
2  1  11  15  20  
1  29  8  2  38  
5  15  20  5  43  
7  4  3  7  42  
5  23  24  2  41  
4  8  24  12  38  
5  26  8  5  22  
9  18  6  20  39  
1  6  16  7  30  
4  3  12  4  33  
9  20  18  5  44  
5  26  20  4  40  
1  8  9  19  35  
7  23  27  29  42  
2  23  3  14  35  
3  15  24  15  40  
3  25  29  8  20  
8  21  4  2  39  
3  16  28  14  22  
4  12  19  21  36  
8  3  23  14  48  
4  28  11  4  44  
1  20  18  17  21  
7  20  18  22  36  
4  14  16  24  24  
9  29  28  4  50  
1  15  20  15  37  
4  23  24  5  34  
3  25  22  7  37  
1  5  20  2  25  
3  14  15  11  33  
7  27  17  27  22  
1  13  25  19  31  
4  14  2  18  46  
8  9  24  6  24  
9  22  19  26  43  
5  15  15  12  37  
7  16  28  24  37  
7  15  19  3  24  
1  21  19  29  43  
7  16  6  29  48  
5  18  6  28  42  
8  17  3  21  33  
1  1  14  5  43  
8  19  7  29  47  
6  13  18  12  45  
1  17  9  29  34  
6  18  28  24  42  
8  3  23  19  48  
9  12  7  16  22  
7  17  28  21  33  
8  23  15  9  48  
8  27  24  10  31  
5  29  3  2  35  
7  28  14  8  25  
4  22  20  12  43  
1  2  23  27  37  
2  1  14  18  47  
6  24  19  23  20  
6  25  7  26  45  
1  4  26  14  36  
7  23  23  21  30  
2  29  20  12  22  
5  10  28  5  40  
7  26  11  4  33  
4  27  8  25  24  
6  3  23  20  50  
2  26  24  16  29  
4  9  9  14  27  
1  16  18  20  21  
1  10  27  3  24  
2  20  10  16  29  
7  3  12  20  42  
6  25  1  27  45  
6  22  16  4  49  
7  6  6  2  30  
6  25  23  7  42  
3  8  19  22  47  
9  19  4  29  22  
7  28  10  21  37  
1  15  11  29  46  
3  12  22  14  36  
2  21  22  1  29  
4  21  22  26  22  
9  5  26  12  46  
7  23  13  22  30  
4  20  18  13  21  
2  22  1  15  45  
4  28  8  21  38  
8  11  24  13  39  
8  16  1  18  25  
7  26  3  4  31  
3  10  14  21  41  
6  23  29  29  39  
2  9  25  18  46  
6  19  14  14  38  
7  6  4  25  38  
6  5  22  22  43  
5  29  13  27  45  
6  21  8  29  32  
6  11  17  10  26  
8  17  15  14  44  
8  3  23  4  42  
9  29  3  8  31  
2  16  16  13  37  
3  5  25  7  44  
7  18  21  15  36  
6  12  8  7  37  
8  25  9  7  25  
3  15  3  22  21  
9  23  29  9  26  
3  22  12  17  44  
9  22  9  10  38  
8  24  23  3  28  
9  2  20  1  47  
9  4  25  27  39  
3  14  9  13  40  
3  8  15  18  34  
4  16  26  9  38  
9  25  22  27  26  
4  29  2  3  25  
4  6  4  29  37  
4  15  12  4  42  
7  25  1  26  33  
5  26  26  25  34  
4  5  2  13  28  
2  11  13  25  34  
1  24  7  28  34  
2  21  15  7  45  
8  13  22  11  41  
6  29  19  5  25  
8  4  9  14  36  
3  7  5  9  20  
3  29  16  11  41  
2  11  20  9  27  
2  7  11  19  30  
8  28  6  2  28  
6  28  19  12  34  
6  12  9  13  40  
7  15  28  8  23  
4  16  5  1  32  
5  4  27  17  46  
4  21  11  6  24  
3  18  5  14  40  
3  13  14  28  22  
6  10  9  24  50  
4  7  12  1  32  
4  27  6  12  30  
4  24  7  7  29  
7  29  12  7  20  
8  16  14  8  29  
2  14  29  5  41  
7  26  10  9  38  
1  17  16  27  43  
3  2  14  18  30  
3  27  17  17  45  
5  1  1  26  39  
9  23  16  5  40  
2  4  17  10  29  
6  26  6  5  24  
1  21  17  7  24  
9  13  5  6  38  
6  3  18  15  27  
8  7  4  2  41  
9  27  22  3  27  
3  28  6  25  32  
3  10  8  23  22  
7  2  20  22  23  
4  7  10  2  23  
1  29  14  11  45  
5  11  22  27  33  
9  29  12  7  35  
3  18  22  23  29  
1  24  23  2  34  
6  9  2  19  33  
5  12  4  27  30  
4  2  3  21  20  
1  4  3  15  24  
8  10  1  8  23  
7  1  20  17  34  
6  22  19  25  30  
1  8  13  14  22  
4  6  5  7  47  
4  22  9  5  20  
7  7  26  22  43  
7  13  12  11  33  
1  10  12  1  30  
2  16  8  14  24  
9  10  28  26  42  
3  11  15  18  49  
8  7  18  21  26  
3  18  13  18  33  
3  21  19  5  20  
4  1  2  18  47  
9  12  21  2  37  
2  12  28  24  50  
1  10  11  22  30  
6  3  3  7  28  
5  24  26  22  43  
9  16  1  28  36  
1  14  26  13  50  
5  8  4  1  43  
3  1  24  15  44  
8  10  3  20  26  
7  22  9  29  22  
2  14  27  18  31  
3  29  8  14  43  
4  4  25  28  48  
4  4  28  9  36  
2  19  19  6  41  
6  17  1  3  28  
1  21  24  25  45  
8  14  12  18  33  
6  12  1  25  42  
8  22  20  20  40  
7  21  29  14  23  
9  29  20  29  45  
3  21  9  15  28  
2  25  17  22  41  
8  22  4  16  21  
7  10  27  7  25  
5  19  28  2  21  
3  1  22  5  46  
4  26  27  8  40  
1  24  18  6  29  
9  21  22  20  42  
1  16  29  4  27  
7  24  27  1  50  
2  8  1  4  28  
4  21  14  4  44  
8  16  14  7  26  
6  11  8  25  22  
2  22  14  10  32  
4  27  16  22  49  
5  11  18  8  36  
3  11  11  26  35  
7  20  28  19  24  
2  16  3  4  41  
5  15  21  28  49  
7  17  1  9  35  
6  2  3  18  43  
9  16  5  15  33  
1  22  18  22  40  
9  12  11  16  47  
8  1  3  28  42  
1  24  29  26  23  
1  3  26  13  23  
6  3  19  1  40  
5  1  23  24  37  
8  9  3  16  29  
1  5  12  7  30  
2  3  25  20  21  
3  13  24  15  31  
8  1  5  1  21  
9  12  24  7  21  
9  3  7  18  31  
7  17  6  14  39  
5  4  23  28  49  
7  24  8  6  46  
3  28  20  11  43  
3  6  29  2  25  
1  22  20  4  42  
6  5  10  29  23  
8  19  19  23  25  
8  23  3  20  41  
1  17  11  28  32  
1  24  14  8  26  
2  10  29  27  35  
2  26  2  23  44  
7  17  14  25  46  
8  18  11  9  45  
8  21  20  3  31  
5  6  1  23  43  
3  16  28  29  21  
4  18  20  20  35  
6  5  8  16  20  
5  12  24  16  22  
8  29  27  7  40  
4  11  5  24  28  
9  18  17  29  33  
2  25  1  23  50  
1  23  18  16  22  
2  11  25  15  47  
9  14  11  27  44  
9  4  28  19  41  
7  6  17  5  45  
1  6  9  1  37  
9  15  4  21  38  
9  28  14  14  20  
7  17  27  28  29  
6  29  25  4  29  
7  23  11  22  35  
1  17  12  25  41  
7  18  29  8  26  
3  25  8  5  47  
9  21  27  25  42  
1  15  26  17  36  
1  6  11  20  42  
5  25  2  11  47  
5  20  11  5  30  
8  21  8  23  29  
4  16  18  18  40  
8  7  14  23  49  
6  17  10  6  26  
8  19  9  2  49  
1  29  19  9  31  
5  10  13  18  26  
4  15  8  5  47  
1  20  15  15  29  
6  14  3  27  28  
2  14  15  7  50  
8  7  19  17  32  
1  13  24  11  45  
9  23  7  11  44  
2  1  8  21  26  
3  5  16  7  27  
3  9  2  13  43  
8  9  5  29  31  
9  28  16  20  34  
3  25  20  21  32  
4  29  11  26  23  
3  6  6  27  27  
5  25  18  9  23  
1  14  26  19  46  
3  6  8  23  27  
4  16  5  7  34  
9  8  6  12  42  
7  29  21  13  48  
5  13  3  9  45  
3  23  20  11  46  
7  28  22  21  23  
1  24  17  10  46  
1  17  17  28  25  
6  12  5  14  44  
1  27  14  9  42  
4  29  18  17  22  
1  23  5  11  29  
8  26  5  25  23  
4  29  14  2  27  
7  16  8  16  42  
6  22  11  27  35  
5  28  11  22  37  
5  1  7  4  31  
4  11  4  26  50  
3  22  2  9  50  
8  16  11  26  48  
3  13  22  26  33  
9  3  6  24  50  
6  25  26  25  45  
2  21  9  15  48  
7  27  15  13  45  
9  11  3  18  47  
4  12  4  1  34  
8  24  23  24  49  
2  8  18  10  46  
5  24  25  11  39  
6  7  8  13  45  
1  5  14  9  49  
2  23  19  1  40  
3  15  4  3  25  
9  2  17  4  42  
8  26  2  17  20  
9  28  16  7  38  
1  29  14  5  25  
9  12  6  13  42  
6  11  18  28  47  
3  1  6  15  37  
3  14  13  13  21  
3  21  19  21  27  
5  21  16  14  47  
7  26  28  18  23  
3  17  27  14  32  
1  9  26  6  27  
3  19  28  20  49  
2  13  23  15  37  
2  13  4  7  26  
2  17  23  12  48  
1  11  16  25  46  
4  26  28  8  34  
1  11  13  7  28  
9  1  5  7  43  
1  28  26  12  45  
8  2  23  10  27  
6  25  25  6  42  
7  5  28  23  21  
8  12  1  3  33  
2  8  9  10  47  
8  28  21  6  49  
2  5  22  8  44  
4  12  7  26  47  
4  19  24  22  28  
2  10  7  6  39  
4  16  19  21  25  
4  16  13  18  30  
9  21  29  27  38  
8  17  24  20  47  
8  3  19  6  40  
2  12  10  17  26  
7  21  27  29  39  
2  11  12  28  23  
2  15  1  11  27  
9  10  2  14  25  
1  18  21  17  43  
5  13  28  15  36  
2  24  5  19  22  
7  26  13  23  49  
9  11  29  29  22  
1  26  26  6  36  
5  21  3  2  31  
6  2  23  4  22  
6  9  28  27  41  
8  3  19  4  27  
9  25  8  11  36  
6  24  8  8  36  
6  18  1  5  26  
9  11  25  21  31  
6  9  12  10  36  
2  17  9  16  45  
8  26  16  26  29  
7  24  28  4  33  
4  11  24  13  33  
7  25  17  10  41  
4  24  25  16  35  
4  22  25  22  47  
4  27  25  13  28  
5  27  23  12  22  
9  22  1  26  22  
4  11  13  15  48  
4  3  8  22  37  
5  1  1  3  33  
6  21  29  21  41  
6  13  27  24  47  
2  29  27  27  43  
1  3  29  17  49  
1  7  7  17  29  
6  12  8  16  47  
1  28  27  3  31  
8  22  1  19  37  
3  3  9  19  26  
5  29  18  24  50  
4  18  24  17  44  
9  27  4  15  44  
3  27  20  12  42  
6  23  19  9  50  
4  27  7  8  35  
4  7  21  10  48  
6  25  17  6  30  
8  24  4  13  48  
1  23  11  29  21  
8  3  23  12  30  
4  11  15  14  48  
1  18  15  2  28  
4  19  17  7  41  
2  4  26  2  30  
1  17  9  19  28  
5  18  23  29  38  
1  12  4  2  38  
4  15  25  14  35  
4  24  11  5  45  
6  14  27  4  49  
9  22  13  16  49  
6  8  21  4  50  
8  28  9  16  35  
5  13  20  16  32  
1  13  21  4  47  
5  28  26  26  32  
8  6  19  22  47  
1  29  24  5  24  
4  4  5  27  40  
9  8  24  23  38  
4  16  17  22  20  
3  17  26  15  33  
7  8  18  8  24  
6  19  29  11  30  
3  11  15  28  27  
5  9  17  11  26  
4  11  2  18  34  
2  17  26  26  23  
8  16  26  21  24  
5  17  7  10  27  
6  21  10  11  37  
8  23  28  11  23  
8  1  14  2  50  
8  4  13  10  47  
3  10  21  14  27  
8  6  24  11  33  
7  1  3  11  41  
9  15  6  8  22  
6  17  25  28  43  
5  27  21  3  26  
9  28  26  16  20  
9  14  2  10  25  
6  22  26  22  30  
6  1  14  7  49  
7  26  4  22  27  
1  15  9  20  34  
3  16  6  4  37  
9  2  20  18  29  
3  15  11  5  26  
4  11  10  10  22  
3  8  25  27  40  
6  14  24  21  31  
4  7  15  18  23  
7  29  1  17  38  
4  29  14  8  32  
4  1  10  26  24  
5  23  25  18  42  
3  9  15  10  47  
4  13  11  24  28  
7  10  3  19  43  
2  3  24  10  20  
7  22  24  6  36  
6  2  15  2  30  
9  19  22  21  45  
5  17  21  29  31  
3  16  15  20  32  
4  18  21  24  41  
7  26  20  15  47  
8  17  28  23  23  
5  9  9  13  46  
5  27  7  27  31  
1  7  25  12  47  
9  22  8  11  32  
4  1  13  14  21  
4  16  8  7  28  
5  25  29  4  47  
3  23  12  26  33  
8  16  22  20  45  
3  6  1  6  25  
1  6  27  18  26  
6  17  20  12  27  
2  20  18  26  25  
1  23  24  9  34  
8  9  10  20  29  
6  6  5  27  45  
2  16  9  20  46  
7  15  6  27  41  
6  23  10  28  42  
1  11  13  16  22  
7  27  29  28  27  
4  6  16  13  28  
9  8  8  17  42  
7  10  22  28  50  
8  17  22  20  39  
8  22  2  27  47  
1  23  29  4  38  
3  28  11  21  42  
9  12  29  9  49  
5  26  28  22  35  
8  17  25  4  29  
4  27  8  23  49  
1  24  15  11  20  
4  12  18  3  34  
3  4  6  3  28  
5  17  19  14  31  
2  23  4  2  42  
2  25  13  23  40  
5  21  11  9  46  
2  2  15  28  42  
8  8  15  10  35  
7  25  21  3  28  
1  26  18  10  49  
1  25  22  13  49  
9  19  7  2  43  
7  4  17  15  41  
3  18  11  19  40  
7  15  1  9  35  
1  12  11  9  21  
4  2  20  6  42  
9  6  4  9  29  
5  27  13  20  41  
2  5  2  8  22  
1  20  22  17  24  
8  29  13  27  38  
4  21  22  26  30  
3  21  20  5  36  
4  2  28  27  36  
6  29  26  12  27  
5  23  9  20  50  
7  24  13  25  29  
2  1  9  9  48  
5  13  18  9  50  
9  27  29  18  38  
3  9  19  3  44  
9  3  26  1  37  
5  19  14  10  37  
3  10  14  2  22  
7  25  26  9  40  
8  15  2  20  50  
9  17  8  7  49  
5  5  26  26  42  
6  28  5  29  30  
7  19  17  19  31  
7  5  13  1  47  
1  4  13  21  24  
6  20  9  22  50  
6  15  13  21  30  
6  17  20  23  38  
2  29  5  9  40  
3  7  23  6  35  
8  10  7  20  30  
3  12  1  5  20  
5  23  17  9  48  
3  17  27  6  37  
3  28  17  21  23  
2  18  8  14  34  
8  21  3  5  24  
4  1  18  14  21  
5  4  17  3  48  
8  15  16  6  36  
8  13  17  9  27  
5  21  18  1  36  
1  4  4  5  50  
2  7  26  4  27  
1  6  26  6  26  
3  16  10  27  49  
6  13  12  18  33  
1  26  27  29  30  
8  1  10  7  20  
8  11  18  24  24  
2  14  21  5  43  
1  19  27  14  24  
6  14  6  25  43  
3  3  9  24  42  
6  25  16  29  26  
5  9  1  18  38  
2  28  16  16  23  
2  27  16  2  29  
6  24  20  6  27  
6  11  22  1  40  
7  11  23  9  33  
9  18  21  15  42  
1  22  6  6  28  
7  4  25  6  40  
8  10  1  17  36  
8  27  11  10  34  
1  23  21  11  27  
6  28  2  20  49  
5  20  11  22  31  
9  27  28  17  44  
7  10  12  26  31  
2  13  15  16  36  
7  8  9  11  36  
5  29  6  20  46  
7  17  10  21  30  
2  23  28  27  50  
7  13  12  7  41  
4  2  11  9  44  
6  14  28  9  20  
5  29  25  18  44  
2  14  14  23  20  
3  26  22  24  50  
3  21  17  5  49  
5  23  22  7  38  
2  6  20  20  39  
1  21  22  4  50  
7  8  29  9  32  
5  28  9  18  31  
2  7  28  13  38  
8  10  15  19  38  
9  6  10  11  41  
2  25  4  11  48  
7  24  15  22  20  
4  7  1  23  22  
8  27  17  8  35  
9  17  13  28  31  
3  12  6  22  46  
6  9  29  12  37  
5  3  24  15  23  
2  11  12  24  22  
8  19  17  2  39  
8  4  2  9  31  
4  14  22  9  20  
2  20  9  12  23  
3  7  14  27  24  
5  8  26  3  24  
7  6  1  14  29  
6  3  15  26  22  
8  29  17  8  22  
7  11  18  2  20  
4  4  14  21  46  
1  15  4  23  27  
7  8  24  20  47  
1  28  22  26  36  
2  15  18  21  37  
4  5  24  14  22  
9  1  28  29  26  
3  26  18  13  24  
8  23  16  19  47  
5  28  15  23  35  
5  15  14  28  41  
3  28  26  21  45  
5  19  21  26  43  
2  29  1  21  48  
1  7  2  8  27  
4  10  17  29  28  
8  17  11  15  36  
8  23  8  24  40  
9  29  10  21  40  
8  14  27  9  45  
6  2  2  4  40  
2  14  29  7  43  
8  26  5  7  21  
7  12  23  1  27  
2  13  29  13  28  
4  20  11  29  30  
6  2  7  24  46  
8  20  12  29  41  
6  27  9  24  45  
1  15  4  23  22  
9  20  22  16  29  
6  4  6  26  45  
2  11  13  18  34  
8  17  1  8  28  
4  7  25  1  25  
6  6  26  17  28  
3  21  27  20  48  
5  4  14  16  27  
1  5  16  27  49  
6  13  27  27  48  
3  26  4  20  20  
7  29  18  2  39  
7  21  28  19  47  
6  24  2  18  33  
2  28  11  5  28  
5  10  2  15  34  
1  1  6  11  23  
6  7  26  17  49  
2  13  16  11  27  
6  6  23  8  40  
8  24  5  4  38  
4  27  9  11  37  
3  11  7  26  45  
9  12  4  12  22  
8  25  19  22  40  
3  7  27  27  47  
7  15  7  22  30  
2  7  11  22  24  
6  1  1  17  24  
2  8  9  23  30  
9  16  13  18  45  
9  1  8  13  21  
1  8  23  1  43  
4  10  2  16  31  
7  14  8  6  34  
1  7  20  27  45  
5  25  9  12  40  
3  7  1  25  43  
6  21  13  24  24  
1  7  19  20  36  
4  19  28  3  38  
4  7  3  8  20  
6  24  2  19  37  
2  20  26  1  32  
5  12  24  17  38  
3  28  12  13  31  
2  28  16  2  27  
1  21  12  13  27  
9  1  7  23  22  
7  11  18  4  25  
8  9  20  23  42  
4  16  22  10  38  
4  21  2  20  45  
9  15  8  7  22  
6  7  16  20  44  
2  26  2  29  41  
8  17  6  19  23  
1  6  13  25  50  
2  14  13  3  46  
3  12  28  21  26  
4  5  27  25  44  
5  1  27  29  31  
4  21  20  25  21  
5  6  27  6  27  
7  18  3  16  32  
7  20  10  26  36  
2  11  3  20  33  
6  28  29  26  29  
5  11  28  2  41  
6  7  28  5  46  
1  12  29  5  40  
6  18  14  26  21  
2  9  9  2  41  
2  25  7  10  46  
3  9  4  28  36  
3  29  21  16  39  
6  3  19  5  34  
6  9  18  12  37  
2  21  13  16  50  
6  16  6  20  44  
4  6  9  1  42  
7  24  11  10  28  
7  20  25  1  32  
8  20  23  9  39  
6  3  23  11  23  
1  19  3  29  27  
5  28  27  12  40  
2  5  12  20  46  
7  1  28  15  45  
1  5  1  6  26  
7  6  21  20  44  
7  11  20  7  30  
4  10  17  23  22  
4  18  17  16  44  
1  1  14  28  50  
8  25  23  8  46  
3  22  9  5  23  
6  25  10  13  22  
1  13  27  1  22  
4  11  4  24  45  
1  17  5  16  48  
8  29  1  22  22  
5  1  12  6  30  
7  21  13  1  41  
5  25  4  14  46  
7  27  17  6  45  
2  7  29  1  47  
1  23  15  7  46  
9  7  22  20  49  
9  9  4  7  24  
1  15  14  8  24  
8  19  26  3  37  
1  29  6  12  25  
8  26  18  13  32  
4  11  3  25  20  
6  12  29  2  45  
4  20  10  10  44  
7  18  10  10  30  
3  20  11  12  27  
2  12  5  9  43  
2  5  18  4  43  
1  9  23  29  48  
2  1  21  17  43  
9  9  21  26  47  
4  13  16  18  27  
2  13  4  27  43  
4  26  4  5  21  
9  1  25  5  49  
3  26  11  17  41  
6  26  4  17  44  
1  5  11  11  49  
4  16  10  20  28  
9  27  8  26  49  
8  11  26  17  34  
7  21  15  29  20  
1  15  26  29  39  
8  5  6  4  43  
5  4  16  4  49  
7  13  1  3  22  
2  22  12  24  47  
3  11  22  9  20  
9  11  20  4  45  
3  2  4  14  41  
4  10  11  15  43  
6  11  22  10  26  
1  8  26  19  40  
8  17  2  2  41  
3  9  17  15  25  
4  10  21  23  41  
5  26  10  6  36  
6  24  19  25  21  
8  27  19  13  38  
6  24  26  9  25  
5  2  9  1  41  
2  6  3  14  50  
5  25  2  14  37  
4  9  1  14  41  
7  1  19  15  30  
2  13  23  20  45  
3  23  24  16  22  
8  1  22  13  45  
1  18  10  28  25  
5  5  27  9  48  
5  21  9  9  43  
8  11  13  20  45  
7  10  8  20  22  
2  10  7  5  48  
5  2  8  13  36  
1  17  28  14  38  
5  17  4  1  39  
9  14  27  26  45  
6  14  3  17  33  
8  14  21  22  49  
1  20  14  15  50  
6  28  16  4  45  
2  10  7  11  28  
3  17  18  22  42  
3  2  23  9  28  
9  3  21  18  23  
9  2  25  27  31  
5  25  16  27  31  
4  17  24  16  23  
5  18  29  13  38  
5  22  8  23  23  
8  1  10  20  48  
5  4  12  18  23  
3  25  10  26  24  
2  1  14  22  46  
1  11  11  9  23  
5  12  5  1  45  
9  9  22  11  47  
6  18  11  2  20  
4  27  26  21  28  
4  22  26  21  35  
6  16  26  22  45  
7  24  15  6  47  
4  8  15  20  46  
2  13  1  25  42  
6  17  28  16  50  
9  24  15  12  50  
5  16  22  11  35  
4  28  18  29  20  
1  24  21  7  45  
4  18  24  3  32  
7  9  2  7  37  
6  27  19  8  43  
1  23  11  16  30  
8  11  19  17  39  
5  9  28  9  50  
3  5  15  12  50  
5  17  2  20  42  
5  18  11  13  25  
9  2  19  25  29  
3  18  10  27  30  
7  27  24  3  27  
3  1  28  2  42  
4  15  2  16  40  
1  23  14  10  32  
8  25  21  22  48  
1  22  7  19  21  
6  23  21  2  29  
3  4  9  18  24  
4  12  28  6  46  
8  8  24  22  34  
1  6  24  24  26  
8  10  22  8  47  
6  17  1  18  46  
1  15  27  9  25  
6  18  20  17  39  
4  11  29  24  43  
2  26  19  28  44  
8  4  18  7  29  
7  12  16  4  48  
3  25  23  4  26  
9  4  13  18  23  
8  21  13  20  39  
4  14  10  14  40  
2  2  15  27  22  
3  3  27  2  30  
5  6  28  1  47  
5  14  29  4  32  
9  21  17  1  27  
4  10  12  17  28  
1  18  15  12  49  
6  20  16  13  50  
9  20  27  25  35  
5  10  25  27  45  
6  6  4  7  41  
6  5  21  21  45  
8  17  11  18  22  
3  12  19  22  34  
7  18  23  6  28  
3  28  14  5  49  
2  24  15  11  25  
4  3  15  11  48  
8  18  7  11  21  
9  27  7  13  33  
8  14  23  11  40  
8  20  22  5  31  
3  29  5  24  35  
9  24  11  25  34  
1  3  13  18  46  
3  8  28  13  49  
4  2  27  19  26  
6  19  1  3  24  
5  12  29  29  43  
1  18  6  15  24  
7  8  29  6  45  
9  4  18  6  25  
4  8  10  10  22  
6  2  7  4  35  
8  22  24  12  39  
2  3  27  1  31  
4  23  22  1  41  
1  13  3  10  28  
2  4  1  12  22  
9  14  7  8  35  
5  29  17  28  44  
3  18  24  12  22  
8  12  5  7  44  
1  11  19  14  47  
9  22  16  28  45  
7  5  19  2  49  
3  20  21  24  28  
1  29  26  23  43  
8  27  17  5  37  
8  13  19  29  20  
8  24  13  15  33  
5  1  1  23  29  
8  17  7  24  26  
9  10  19  2  28  
8  12  22  21  39  
6  4  5  10  36  
4  21  27  19  40  
6  26  15  10  24  
8  9  14  2  31  
5  3  20  23  40  
6  4  9  13  28  
7  28  15  21  22  
5  25  15  5  23  
6  22  22  21  33  
3  4  4  12  36  
4  18  18  13  44  
2  4  17  3  39  
9  6  17  16  46  
7  23  21  28  29  
8  28  28  20  37  
7  13  23  10  44  
6  14  23  11  50  
4  10  4  8  22  
5  13  22  13  45  
7  5  23  2  36  
9  3  4  21  37  
5  15  3  6  33  
8  20  11  3  41  
7  26  14  23  43  
1  11  24  16  36  
9  22  9  28  42  
1  15  29  12  26  
7  12  1  9  24  
5  6  10  15  33  
3  12  4  26  20  
7  3  17  14  44  
7  5  1  28  28  
2  24  8  21  39  
6  15  10  29  30  
3  26  26  16  26  
1  7  18  18  20  
