2 299
114 950
173 945
167 192
104 792
54 30
41 572
48 712
93 78
52 46
3 548
180 14
159 326
181 323
60 715
25 950
169 871
96 348
34 963
209 742
133 614
156 450
194 805
1 212
111 38
63 385
200 440
205 236
54 84
62 168
84 672
68 212
76 365
136 414
50 778
183 669
80 899
132 38
112 365
69 585
54 985
147 701
164 949
218 127
92 45
191 144
32 884
26 793
95 816
200 266
235 106
97 57
168 379
160 716
66 321
162 553
123 239
124 838
47 981
82 167
171 452
67 156
55 10
179 889
162 189
9 539
112 928
135 187
64 699
56 454
61 596
65 94
119 385
212 181
24 884
157 692
79 314
65 797
128 947
47 651
203 690
120 682
80 355
63 148
243 82
165 905
3 391
122 369
96 981
83 64
75 273
17 89
223 67
221 219
246 863
102 960
85 45
0 909
115 782
77 543
183 229
239 489
140 421
64 657
217 206
201 676
29 420
101 59
88 885
57 183
158 175
61 150
190 451
127 363
147 806
29 765
88 339
195 370
139 681
34 486
82 456
224 188
165 671
111 256
43 683
73 140
136 555
123 860
92 261
136 917
15 424
212 925
93 462
187 812
181 644
217 912
168 904
168 562
64 717
198 369
3 653
178 440
240 770
7 232
86 858
236 964
130 800
27 846
111 337
45 699
42 645
60 634
192 206
46 56
139 727
157 702
131 27
179 591
212 49
1 698
208 835
88 998
214 939
83 826
147 994
192 882
202 748
248 857
73 773
139 340
2 549
174 841
8 733
95 94
10 8
119 3
216 172
19 308
248 175
157 885
32 793
50 88
26 795
39 848
153 293
144 881
12 29
194 926
95 862
209 456
148 430
186 734
64 487
81 690
40 467
165 547
173 721
34 996
174 897
12 60
149 819
81 484
99 598
225 71
47 999
178 140
135 320
3 233
236 837
158 323
97 839
76 257
102 223
121 282
169 847
179 324
80 352
69 165
141 550
52 270
169 143
4 153
106 365
48 345
233 667
29 580
93 511
228 358
165 845
182 386
39 920
194 134
68 159
161 816
192 270
234 18
50 561
99 676
115 491
99 868
113 794
32 956
156 7
21 849
66 948
91 598
127 669
233 230
33 295
195 15
191 565
116 162
36 298
178 435
154 576
185 183
246 785
105 430
111 568
49 113
123 923
43 194
146 720
227 168
219 683
38 758
141 889
63 204
185 342
50 187
193 623
207 707
220 685
150 757
235 802
73 30
72 378
5 646
155 364
70 459
59 938
172 267
76 113
249 829
183 280
47 270
99 218
78 705
37 664
237 491
102 202
108 747
154 961
227 16
98 33
183 998
100 102
155 497
128 106
71 858
217 274
153 476
154 304
7 333
157 469
196 930
227 657
2 567
182 242
44 725
44 684
17 997
209 785
48 839
242 86
142 197
38 377
175 526
90 53
135 223
116 588
177 737
24 123
163 918
64 480
12 755
114 141
141 731
29 587
118 500
17 126
0 461
35 596
63 35
16 983
24 15
30 181
82 868
225 331
209 959
111 764
20 986
220 947
229 554
59 181
158 432
114 8
166 859
18 702
108 468
193 747
9 701
219 189
108 692
120 288
101 599
190 222
146 975
202 909
239 813
208 305
115 437
104 15
186 942
136 25
129 386
141 71
187 957
123 403
159 583
95 202
95 892
132 34
181 163
41 467
8 499
210 547
64 840
229 493
32 137
238 648
236 683
128 528
33 836
218 141
73 139
3 823
223 693
43 229
45 322
19 78
9 4
29 654
105 266
40 572
226 479
129 476
47 284
164 329
12 177
17 285
24 719
195 595
218 159
123 617
58 776
212 680
0 241
89 241
205 238
96 121
50 269
140 141
85 131
197 173
102 976
162 13
144 620
190 599
230 364
196 590
210 309
244 683
6 300
85 330
133 354
152 727
16 244
103 43
177 741
216 763
178 273
207 809
209 822
102 423
28 676
86 943
211 526
94 540
230 846
111 992
33 537
239 506
86 940
148 517
106 985
153 595
112 549
195 522
101 763
26 906
128 259
100 139
65 217
21 289
152 266
14 11
82 846
21 374
2 381
22 391
65 298
243 131
239 574
7 789
166 461
138 925
146 68
28 937
195 457
112 87
178 114
158 467
6 64
218 589
243 472
202 781
195 986
153 812
169 526
54 610
170 976
114 723
81 674
41 704
172 465
100 208
6 682
69 744
227 197
204 319
184 612
107 316
169 382
193 54
115 776
9 96
213 942
179 638
134 599
247 913
58 506
102 519
30 938
221 220
96 897
81 985
173 116
3 408
60 719
201 318
57 452
1 598
35 461
87 715
69 709
11 331
55 456
115 160
174 543
116 240
138 361
189 525
163 591
194 244
171 268
63 751
133 581
182 124
168 168
197 301
196 469
27 949
219 725
189 304
136 120
216 454
209 976
60 938
216 340
34 926
193 509
44 118
140 924
112 62
144 621
57 154
216 464
101 516
90 395
2 244
127 979
3 905
212 616
41 632
101 64
183 2
81 566
116 332
153 933
52 642
236 631
41 464
214 243
212 996
249 79
164 834
63 658
181 346
223 271
214 978
117 354
209 689
198 979
159 88
66 489
61 703
77 692
214 135
28 21
192 927
35 813
120 815
100 258
106 169
42 883
12 526
221 612
51 445
144 528
147 711
180 35
183 512
230 908
225 379
138 861
78 679
53 431
25 890
80 835
153 921
239 382
191 820
47 880
112 770
1 59
85 123
73 353
204 263
13 441
201 94
62 131
213 728
92 307
39 452
54 525
1 246
8 873
233 696
39 936
199 136
67 39
144 103
55 643
171 697
178 145
22 754
7 454
222 159
218 314
180 543
85 51
148 847
84 27
15 691
203 578
12 725
127 977
41 51
233 4
64 582
204 945
126 810
122 477
145 103
12 439
47 609
209 88
70 322
220 916
126 888
156 755
45 340
148 593
132 907
35 752
248 310
213 500
240 358
135 208
83 191
214 141
91 215
102 215
8 67
69 971
231 128
185 620
245 140
170 287
45 630
130 57
218 692
235 12
154 868
152 246
162 456
68 222
150 275
99 548
141 796
10 371
13 127
17 671
92 690
114 630
242 255
84 150
118 385
174 347
224 977
126 574
69 715
135 971
23 824
86 771
9 440
55 307
193 334
242 260
120 38
227 448
57 4
96 569
174 122
60 935
112 530
34 670
84 333
229 994
139 507
111 822
40 876
111 858
19 555
198 503
221 532
135 47
80 218
238 926
138 73
180 584
10 47
71 312
151 983
57 566
99 679
93 309
187 795
130 327
16 580
203 109
99 93
162 824
123 897
215 385
106 156
193 818
65 797
224 677
11 985
41 537
238 452
219 524
138 411
180 769
47 726
116 749
30 760
156 59
12 434
203 262
111 270
153 530
85 711
108 138
169 977
2 805
29 617
91 158
69 452
109 597
142 266
60 694
96 334
50 959
132 276
151 308
42 510
149 58
127 668
184 603
61 200
151 13
45 513
100 829
249 383
7 658
50 239
62 146
154 297
38 56
21 945
116 993
95 435
177 298
25 790
72 568
190 925
113 392
65 240
227 583
25 158
26 413
40 303
97 835
239 765
166 934
124 380
33 697
20 483
55 627
41 600
207 231
80 336
126 482
244 248
110 643
105 868
47 363
136 656
63 546
163 686
130 863
16 953
98 980
44 616
200 861
30 963
199 635
9 532
16 590
117 511
158 743
153 336
39 314
71 969
131 749
163 196
197 520
141 760
68 542
8 528
73 371
99 735
4 44
116 306
0 395
88 842
146 927
225 471
51 430
228 713
105 44
169 830
216 840
108 375
125 105
82 869
108 518
2 626
81 431
171 128
56 855
10 79
57 684
91 634
242 469
206 534
90 88
47 449
130 858
8 870
47 929
218 723
167 328
79 394
127 85
188 680
95 676
79 518
186 105
175 141
183 897
223 660
103 656
46 755
106 302
178 14
200 349
150 563
70 289
194 1
62 774
188 136
29 347
159 391
190 640
8 93
221 868
234 206
45 718
35 136
47 610
44 862
162 961
233 519
19 223
209 725
202 176
194 848
21 138
204 722
163 915
145 866
222 482
175 353
86 453
134 894
122 890
191 581
188 779
197 904
19 443
129 648
116 672
167 695
154 188
102 629
91 148
189 327
48 1
145 172
73 881
9 684
38 808
211 243
148 422
195 689
24 845
43 990
8 535
74 640
89 240
164 135
73 469
129 378
92 318
102 269
114 111
85 808
236 55
102 984
92 101
180 692
33 903
44 380
117 352
179 918
128 941
138 607
152 835
26 658
158 405
44 563
67 745
33 750
139 966
228 706
170 86
113 879
161 891
2 877
56 806
174 25
27 871
69 886
49 2
157 973
154 130
154 405
50 101
15 11
8 739
138 835
167 80
163 362
74 648
245 687
121 44
111 802
113 10
52 90
199 868
53 89
23 878
4 496
204 399
191 411
207 383
79 273
116 206
198 42
22 301
121 915
5 380
186 673
21 757
16 78
51 862
244 39
183 131
162 744
61 195
168 748
218 647
97 783
170 235
71 691
238 341
232 732
158 901
112 53
220 148
195 963
213 370
172 170
234 588
121 512
220 229
53 870
9 564
172 242
175 993
201 685
3 983
107 168
156 553
9 414
144 917
102 359
206 438
159 600
166 110
211 486
129 908
16 548
120 847
44 338
202 503
9 66
34 654
24 439
184 356
187 379
55 285
196 443
148 803
179 859
57 313
41 274
25 501
81 356
2 527
65 55
56 782
228 203
18 879
199 687
233 276
90 775
225 113
204 134
77 273
10 444
93 889
0 40
117 576
84 678
208 337
92 198
29 494
49 762
241 180
221 180
3 27
186 455
86 349
27 371
104 346
190 768
21 514
90 814
4 479
154 529
150 460
246 659
83 74
185 447
90 516
89 446
39 256
110 445
33 631
241 113
10 810
146 872
107 12
57 289
1 486
45 750
77 208
62 491
8 564
134 608
124 52
246 916
146 912
107 812
208 557
52 926
46 774
157 123
188 287
76 78
110 969
36 527
228 896
201 914
64 890
54 236
144 420
212 978
195 211
223 536
187 814
217 703
247 867
67 440
16 635
214 986
188 83
58 388
244 865
198 278
50 847
89 239
66 876
204 187
138 445
206 795
158 752
153 667
169 803
110 368
120 443
173 221
241 662
62 671
89 307
205 975
3 817
128 774
106 866
246 59
109 432
95 2
39 730
20 74
144 55
101 339
0 313
181 293
12 502
95 97
161 736
14 269
95 593
116 655
239 545
145 344
49 290
241 488
236 905
65 66
158 300
230 417
1 158
33 53
121 473
104 962
106 492
21 361
24 876
35 849
1 577
55 775
17 947
51 507
34 587
27 920
172 121
154 829
149 828
221 497
203 890
93 24
212 414
127 54
196 108
139 969
69 302
204 865
118 843
12 728
222 189
25 747
156 707
40 796
38 478
136 352
249 812
104 60
178 718
222 105
105 409
35 143
37 468
204 120
151 181
124 289
130 677
57 197
144 339
68 776
123 146
230 683
5 21
34 641
43 642
206 531
143 195
245 642
94 467
178 242
126 577
114 557
230 553
60 786
6 997
224 490
229 866
76 136
94 948
61 395
46 509
78 120
55 480
0 125
223 899
173 727
77 202
39 400
131 718
97 732
42 16
191 982
132 726
148 670
145 110
127 888
86 669
221 324
241 886
240 189
76 588
223 727
35 697
6 807
44 516
30 607
152 255
29 459
166 276
54 8
47 110
212 195
59 225
34 406
76 905
149 599
165 272
114 288
150 146
48 896
164 312
157 100
214 106
56 830
161 204
109 4
217 179
143 608
68 9
226 231
18 570
14 974
128 798
196 355
148 483
2 594
217 202
237 456
109 364
48 403
113 382
118 528
214 389
162 17
69 132
240 204
53 293
188 574
132 683
59 6
119 653
73 223
116 963
48 224
94 497
177 62
186 751
45 255
113 43
46 522
67 813
232 622
59 411
178 300
66 818
71 622
18 475
66 898
56 177
134 379
214 820
241 88
209 243
1 413
58 489
88 509
109 724
107 366
179 706
175 55
246 493
179 399
14 978
205 428
207 430
158 900
196 515
163 717
187 511
131 309
225 98
185 476
47 192
85 515
238 105
217 74
95 227
238 623
224 123
167 966
69 215
192 140
46 812
115 718
150 552
191 485
36 110
91 271
231 60
138 464
233 840
44 615
95 996
215 570
53 666
164 488
10 766
74 711
180 108
11 367
236 688
34 310
111 404
152 450
49 936
154 685
122 256
28 833
29 287
182 70
152 538
152 745
228 764
40 467
6 905
195 552
108 85
116 741
57 884
9 461
236 197
148 510
205 986
149 118
132 933
76 281
238 631
53 641
42 559
160 293
107 106
164 405
173 15
110 881
81 729
18 306
157 491
124 312
58 10
27 160
239 460
151 202
226 980
105 94
26 376
33 592
181 305
102 46
85 367
220 621
68 938
156 711
197 143
47 230
78 465
132 254
183 838
64 671
112 208
231 544
118 274
24 884
59 184
76 873
58 458
69 396
49 573
48 774
213 327
227 139
202 94
149 573
93 63
90 257
238 925
123 175
114 63
103 819
46 880
190 930
73 366
181 225
95 937
98 587
142 962
156 310
18 820
18 591
235 918
101 754
2 636
154 938
123 36
195 45
10 546
75 655
113 800
57 170
214 23
226 527
169 230
89 49
74 248
69 584
159 467
234 646
63 584
248 995
244 664
179 655
246 581
172 451
211 529
7 813
209 281
193 550
182 89
242 506
112 271
218 683
7 26
27 946
173 224
72 95
5 322
174 362
178 799
0 513
125 560
73 642
91 377
36 85
7 760
215 477
162 641
117 29
44 506
140 738
230 836
99 723
104 354
16 905
13 526
148 280
36 923
136 105
104 322
202 300
7 769
213 480
171 515
154 787
174 533
247 148
127 861
115 257
243 143
124 609
248 966
175 147
97 717
104 456
84 822
241 309
91 102
144 284
141 866
149 530
55 713
34 924
108 187
93 333
8 738
10 578
242 786
147 511
228 225
133 323
48 966
215 880
57 28
102 655
144 996
50 682
183 118
245 306
214 461
102 363
184 430
131 995
74 295
203 711
39 663
95 507
111 921
34 710
77 28
41 670
246 931
92 473
98 109
216 887
175 540
120 423
235 728
209 852
241 711
111 768
6 804
232 367
170 516
55 377
17 69
193 952
121 218
136 882
63 803
133 373
57 260
203 206
50 356
66 832
14 498
137 216
76 609
211 367
240 344
247 922
88 246
141 41
39 460
200 904
219 625
11 342
182 930
249 67
207 941
208 951
175 211
224 316
236 248
150 48
212 964
204 354
218 79
165 685
99 194
44 763
229 753
166 684
104 367
123 279
100 547
147 534
205 356
48 176
124 849
249 932
220 978
159 842
57 284
154 907
91 915
177 88
8 334
81 416
44 681
30 999
189 176
12 534
147 250
99 639
205 482
47 289
61 350
102 195
30 447
236 397
87 515
111 361
85 281
64 701
134 477
228 583
208 145
180 624
213 190
50 601
5 805
11 283
87 354
166 448
207 223
238 52
149 27
152 663
208 975
228 331
119 491
77 491
243 186
38 824
19 986
116 646
180 118
38 502
75 214
101 353
120 688
72 284
193 508
9 35
207 629
71 73
58 589
6 587
112 184
159 164
85 678
101 407
36 445
124 398
160 983
18 358
188 406
63 7
125 333
4 695
103 608
247 296
34 240
74 304
54 860
111 979
63 521
30 426
31 590
248 555
70 167
80 674
224 532
97 98
101 757
30 138
224 891
246 397
60 414
129 651
146 854
108 412
205 10
148 219
228 409
60 218
53 658
149 987
244 189
127 518
101 504
197 895
229 885
152 941
29 951
241 788
63 870
131 626
19 323
198 226
145 700
184 411
166 308
88 261
211 502
212 528
139 928
66 718
217 20
112 297
211 400
111 893
31 235
36 942
174 506
200 233
140 207
70 414
6 945
142 267
78 170
32 366
176 826
131 819
146 280
114 34
214 158
128 364
52 457
162 19
70 490
131 564
50 811
177 556
16 423
62 666
229 853
213 545
233 470
59 774
146 14
71 290
100 976
194 321
77 62
44 946
18 840
6 186
39 611
114 506
163 228
37 492
236 329
83 154
199 460
62 934
113 781
208 354
43 911
225 214
174 783
237 61
69 948
116 428
45 50
173 189
137 171
102 364
33 362
7 882
61 116
24 940
219 847
231 725
174 231
80 918
170 209
171 652
46 622
88 101
16 869
168 981
104 66
230 841
187 806
68 367
237 338
1 669
224 293
167 127
83 730
221 282
54 33
22 331
181 53
45 44
158 206
182 508
223 3
246 518
163 618
70 154
236 832
112 345
184 520
69 602
38 302
32 430
222 161
1 178
46 631
30 813
216 159
245 725
98 743
222 78
161 317
71 537
194 592
199 952
105 579
144 20
89 461
226 868
72 265
240 427
218 869
56 572
176 923
87 913
182 755
85 179
205 282
206 858
50 405
134 775
177 844
17 408
108 435
166 266
118 156
243 247
116 108
89 210
212 36
236 433
120 680
124 42
52 292
155 564
244 542
2 145
185 946
125 485
14 344
123 608
50 757
13 43
66 802
121 630
222 549
188 922
242 625
195 142
197 525
167 488
14 13
83 910
177 949
57 893
177 484
121 146
193 814
167 422
62 909
34 334
168 281
97 779
16 746
67 353
41 847
182 80
125 296
11 565
183 401
160 739
113 993
140 954
58 391
64 952
89 303
113 377
207 528
100 378
184 25
37 86
64 615
224 562
114 394
117 124
165 773
245 854
75 135
225 151
231 516
238 48
141 423
132 220
105 301
52 496
223 915
227 10
122 235
60 881
69 920
171 948
186 206
67 998
1 563
212 798
128 198
143 469
34 718
83 620
185 973
38 387
80 713
4 988
194 421
242 139
88 273
129 994
23 929
143 530
245 915
37 500
35 106
58 81
162 318
239 532
122 935
232 873
58 82
79 742
83 266
115 804
