1234
43523
23452
24352
56
563
35463
3546
3425
5465
43563
54363
34563
563
7876
9876
896
896
689
467
3256
3546
356
3546
563
563
6572
436
8436
674
3657
3456
346
356
563
563
356
3546
356
3563
563
9567
6743
895
5434
5674
6746
674
674
674
953
748
67859
3678787
6747
857685
8454654
67876
6545
68654
643566
84674
644
64544
6545
5634
1235
43524
23453
24353
57
564
35464
3547
3426
5466
43564
54364
34564
564
7877
9877
897
897
690
468
3257
3547
357
3547
564
564
6573
437
8437
675
3658
3457
347
357
564
564
357
3547
357
3564
564
9568
6744
896
5435
5675
6747
675
675
675
954
749
67860
3678788
6748
857686
8454655
67877
6546
68655
643567
84675
645
64545
6546
5635
1236
43525
23454
24354
58
565
35465
3548
3427
5467
43565
54365
34565
565
7878
9878
898
898
691
469
3258
3548
358
3548
565
565
6574
438
8438
676
3659
3458
348
358
565
565
358
3548
358
3565
565
9569
6745
897
5436
5676
6748
676
676
676
955
750
67861
3678789
6749
857687
8454656
67878
6547
68656
643568
84676
646
64546
6547
5636
1237
43526
23455
24355
59
566
35466
3549
3428
5468
43566
54366
34566
566
7879
9879
899
899
692
470
3259
3549
359
3549
566
566
6575
439
8439
677
3660
3459
349
359
566
566
359
3549
359
3566
566
9570
6746
898
5437
5677
6749
677
1235
43524
23453
24353
57
564
35464
3547
3426
5466
43564
54364
34564
564
7877
9877
897
897
690
468
3257
3547
357
3547
564
564
6573
437
8437
675
3658
3457
347
357
564
564
357
3547
357
3564
564
9568
6744
896
5435
5675
6747
675
675
675
954
749
67860
3678788
6748
857686
8454655
67877
6546
68655
643567
84675
645
64545
6546
5635
1236
43525
23454
24354
58
565
35465
3548
3427
5467
43565
54365
34565
565
7878
9878
898
898
691
469
3258
3548
358
3548
565
565
6574
438
8438
676
3659
3458
348
358
565
565
358
3548
358
3565
565
9569
6745
897
5436
5676
6748
676
676
676
955
750
67861
3678789
6749
857687
8454656
67878
6547
68656
643568
84676
646
64546
6547
5636
1237
43526
23455
24355
59
566
35466
3549
3428
5468
43566
54366
34566
566
7879
9879
899
899
692
470
3259
3549
359
3549
566
566
6575
439
8439
677
3660
3459
349
359
566
566
359
3549
359
3566
566
9570
6746
898
5437
5677
6749
677
677
677
956
751
67862
3678790
6750
857688
8454657
67879
6548
68657
643569
84677
647
64547
6548
5637
1238
43527
23456
24356
60
567
35467
3550
3429
5469
43567
54367
34567
567
7880
9880
900
900
693
471
3260
3550
360
3550
567
567
6576
440
8440
678
3661
3460
350
360
567
567
360
3550
360
3567
567
9571
6747
899
5438
5678
6750
678
1236
43525
23454
24354
58
565
35465
3548
3427
5467
43565
54365
34565
565
7878
9878
898
898
691
469
3258
3548
358
3548
565
565
6574
438
8438
676
3659
3458
348
358
565
565
358
3548
358
3565
565
9569
6745
897
5436
5676
6748
676
676
676
955
750
67861
3678789
6749
857687
8454656
67878
6547
68656
643568
84676
646
64546
6547
5636
1237
43526
23455
24355
59
566
35466
3549
3428
5468
43566
54366
34566
566
7879
9879
899
899
692
470
3259
3549
359
3549
566
566
6575
439
8439
677
3660
3459
349
359
566
566
359
3549
359
3566
566
9570
6746
898
5437
5677
6749
677
677
677
956
751
67862
3678790
6750
857688
8454657
67879
6548
68657
643569
84677
647
64547
6548
5637
1238
43527
23456
24356
60
567
35467
3550
3429
5469
43567
54367
34567
567
7880
9880
900
900
693
471
3260
3550
360
3550
567
567
6576
440
8440
678
3661
3460
350
360
567
567
360
3550
360
3567
567
9571
6747
899
5438
5678
6750
678
678
678
957
752
67863
3678791
6751
857689
8454658
67880
6549
68658
643570
84678
648
64548
6549
5638
1239
43528
23457
24357
61
568
35468
3551
3430
5470
43568
54368
34568
568
7881
9881
901
901
694
472
3261
3551
361
3551
568
568
6577
441
8441
679
3662
3461
351
361
568
568
361
3551
361
3568
568
9572
6748
900
5439
5679
6751
679
1237
43526
23455
24355
59
566
35466
3549
3428
5468
43566
54366
34566
566
7879
9879
899
899
692
470
3259
3549
359
3549
566
566
6575
439
8439
677
3660
3459
349
359
566
566
359
3549
359
3566
566
9570
6746
898
5437
5677
6749
677
677
677
956
751
67862
3678790
6750
857688
8454657
67879
6548
68657
643569
84677
647
64547
6548
5637
1238
43527
23456
24356
60
567
35467
3550
3429
5469
43567
54367
34567
567
7880
9880
900
900
693
471
3260
3550
360
3550
567
567
6576
440
8440
678
3661
3460
350
360
567
567
360
3550
360
3567
567
9571
6747
899
5438
5678
6750
678
678
678
957
752
67863
3678791
6751
857689
8454658
67880
6549
68658
643570
84678
648
64548
6549
5638
1239
43528
23457
24357
61
568
35468
3551
3430
5470
43568
54368
34568
568
7881
9881
901
901
694
472
3261
3551
361
3551
568
568
6577
441
8441
679
3662
3461
351
361
568
568
361
3551
361
3568
568
9572
6748
900
5439
5679
6751
679
679
679
958
753
67864
3678792
6752
857690
8454659
67881
6550
68659
643571
84679
649
64549
6550
5639
1240
43529
23458
24358
62
569
35469
3552
3431
5471
43569
54369
34569
569
7882
9882
902
902
695
473
3262
3552
362
3552
569
569
6578
442
8442
680
3663
3462
352
362
569
569
362
3552
362
3569
569
9573
6749
901
5440
5680
6752
680
1238
43527
23456
24356
60
567
35467
3550
3429
5469
43567
54367
34567
567
7880
9880
900
900
693
471
3260
3550
360
3550
567
567
6576
440
8440
678
1235
43524
23453
24353
57
564
35464
3547
3426
5466
43564
54364
34564
564
7877
9877
897
897
690
468
3257
3547
357
3547
564
564
6573
437
8437
675
3658
3457
347
357
564
564
357
3547
357
3564
564
9568
6744
896
5435
5675
6747
675
675
675
954
749
67860
3678788
6748
857686
8454655
67877
6546
68655
643567
84675
645
64545
6546
5635
1236
43525
23454
24354
58
565
35465
3548
3427
5467
43565
54365
34565
565
7878
9878
898
898
691
469
3258
3548
358
3548
565
565
6574
438
8438
676
3659
3458
348
358
565
565
358
3548
358
3565
565
9569
6745
897
5436
5676
6748
676
676
676
955
750
67861
3678789
6749
857687
8454656
67878
6547
68656
643568
84676
646
64546
6547
5636
1237
43526
23455
24355
59
566
35466
3549
3428
5468
43566
54366
34566
566
7879
9879
899
899
692
470
3259
3549
359
3549
566
566
6575
439
8439
677
3660
3459
349
359
566
566
359
3549
359
3566
566
9570
6746
898
5437
5677
6749
677
677
677
956
751
67862
3678790
6750
857688
8454657
67879
6548
68657
643569
84677
647
64547
6548
5637
1238
43527
23456
24356
60
567
35467
3550
3429
5469
43567
54367
34567
567
7880
9880
900
900
693
471
3260
3550
360
3550
567
567
6576
440
8440
678
3661
3460
350
360
567
567
360
3550
360
3567
567
9571
6747
899
5438
5678
6750
678
1236
43525
23454
24354
58
565
35465
3548
3427
5467
43565
54365
34565
565
7878
9878
898
898
691
469
3258
3548
358
3548
565
565
6574
438
8438
676
3659
3458
348
358
565
565
358
3548
358
3565
565
9569
6745
897
5436
5676
6748
676
676
676
955
750
67861
3678789
6749
857687
8454656
67878
6547
68656
643568
84676
646
64546
6547
5636
1237
43526
23455
24355
59
566
35466
3549
3428
5468
43566
54366
34566
566
7879
9879
899
899
692
470
3259
3549
359
3549
566
566
6575
439
8439
677
3660
3459
349
359
566
566
359
3549
359
3566
566
9570
6746
898
5437
5677
6749
677
677
677
956
751
67862
3678790
6750
857688
8454657
67879
6548
68657
643569
84677
647
64547
6548
5637
1238
43527
23456
24356
60
567
35467
3550
3429
5469
43567
54367
34567
567
7880
9880
900
900
693
471
3260
3550
360
3550
567
567
6576
440
8440
678
3661
3460
350
360
567
567
360
3550
360
3567
567
9571
6747
899
5438
5678
6750
678
678
678
957
752
67863
3678791
6751
857689
8454658
67880
6549
68658
643570
84678
648
64548
6549
5638
1239
43528
23457
24357
61
568
35468
3551
3430
5470
43568
54368
34568
568
7881
9881
901
901
694
472
3261
3551
361
3551
568
568
6577
441
8441
679
3662
3461
351
361
568
568
361
3551
361
3568
568
9572
6748
900
5439
5679
6751
679
1237
43526
23455
24355
59
566
35466
3549
3428
5468
43566
54366
34566
566
7879
9879
899
899
692
470
3259
3549
359
3549
566
566
6575
439
8439
677
3660
3459
349
359
566
566
359
3549
359
3566
566
9570
6746
898
5437
5677
6749
677
677
677
956
751
67862
3678790
6750
857688
8454657
67879
6548
68657
643569
84677
647
64547
6548
5637
1238
43527
23456
24356
60
567
35467
3550
3429
5469
43567
54367
34567
567
7880
9880
900
900
693
471
3260
3550
360
3550
567
567
6576
440
8440
678
3661
3460
350
360
567
567
360
3550
360
3567
567
9571
6747
899
5438
5678
6750
678
678
678
957
752
67863
3678791
6751
857689
8454658
67880
6549
68658
643570
84678
648
64548
6549
5638
1239
43528
23457
24357
61
568
35468
3551
3430
5470
43568
54368
34568
568
7881
9881
901
901
694
472
3261
3551
361
3551
568
568
6577
441
8441
679
3662
3461
351
361
568
568
361
3551
361
3568
568
9572
6748
900
5439
5679
6751
679
679
679
958
753
67864
3678792
6752
857690
8454659
67881
6550
68659
643571
84679
649
64549
6550
5639
1240
43529
23458
24358
62
569
35469
3552
3431
5471
43569
54369
34569
569
7882
9882
902
902
695
473
3262
3552
362
3552
569
569
6578
442
8442
680
3663
3462
352
362
569
569
362
3552
362
3569
569
9573
6749
901
5440
5680
6752
680
1238
43527
23456
24356
60
567
35467
3550
3429
5469
43567
54367
34567
567
7880
9880
900
900
693
471
3260
3550
360
3550
567
567
6576
440
8440
678
3661
3460
350
360
567
567
360
3550
360
3567
567
9571
6747
899
5438
5678
6750
678
678
678
957
752
67863
3678791
6751
857689
8454658
67880
6549
68658
643570
84678
648
64548
6549
5638
1239
43528
23457
24357
61
568
35468
3551
3430
5470
43568
54368
34568
568
7881
9881
901
901
694
472
3261
3551
361
3551
568
568
6577
441
8441
679
3662
3461
351
361
568
568
361
3551
361
3568
568
9572
6748
900
5439
5679
6751
679
679
679
958
753
67864
3678792
6752
857690
8454659
67881
6550
68659
643571
84679
649
64549
6550
5639
1240
43529
23458
24358
62
569
35469
3552
3431
5471
43569
54369
34569
569
7882
9882
902
902
695
473
3262
3552
362
3552
569
569
6578
442
8442
680
3663
3462
352
362
569
569
362
3552
362
3569
569
9573
6749
901
5440
5680
6752
680
680
680
959
754
67865
3678793
6753
857691
8454660
67882
6551
68660
643572
84680
650
64550
6551
5640
1241
43530
23459
24359
63
570
35470
3553
3432
5472
43570
54370
34570
570
7883
9883
903
903
696
474
3263
3553
363
3553
570
570
6579
443
8443
681
3664
3463
353
363
570
570
363
3553
363
3570
570
9574
6750
902
5441
5681
6753
681
1239
43528
23457
24357
61
568
35468
3551
3430
5470
43568
54368
34568
568
7881
9881
901
901
694
472
3261
3551
361
3551
568
568
6577
441
8441
679
1236
43525
23454
24354
58
565
35465
3548
3427
5467
43565
54365
34565
565
7878
9878
898
898
691
469
3258
3548
358
3548
565
565
6574
438
8438
676
3659
3458
348
358
565
565
358
3548
358
3565
565
9569
6745
897
5436
5676
6748
676
676
676
955
750
67861
3678789
6749
857687
8454656
67878
6547
68656
643568
84676
646
64546
6547
5636
1237
43526
23455
24355
59
566
35466
3549
3428
5468
43566
54366
34566
566
7879
9879
899
899
692
470
3259
3549
359
3549
566
566
6575
439
8439
677
3660
3459
349
359
566
566
359
3549
359
3566
566
9570
6746
898
5437
5677
6749
677
677
677
956
751
67862
3678790
6750
857688
8454657
67879
6548
68657
643569
84677
647
64547
6548
5637
1238
43527
23456
24356
60
567
35467
3550
3429
5469
43567
54367
34567
567
7880
9880
900
900
693
471
3260
3550
360
3550
567
567
6576
440
8440
678
3661
3460
350
360
567
567
360
3550
360
3567
567
9571
6747
899
5438
5678
6750
678
678
678
957
752
67863
3678791
6751
857689
8454658
67880
6549
68658
643570
84678
648
64548
6549
5638
1239
43528
23457
24357
61
568
35468
3551
3430
5470
43568
54368
34568
568
7881
9881
901
901
694
472
3261
3551
361
3551
568
568
6577
441
8441
679
3662
3461
351
361
568
568
361
3551
361
3568
568
9572
6748
900
5439
5679
6751
679
1237
43526
23455
24355
59
566
35466
3549
3428
5468
43566
54366
34566
566
7879
9879
899
899
692
470
3259
3549
359
3549
566
566
6575
439
8439
677
3660
3459
349
359
566
566
359
3549
359
3566
566
9570
6746
898
5437
5677
6749
677
677
677
956
751
67862
3678790
6750
857688
8454657
67879
6548
68657
643569
84677
647
64547
6548
5637
1238
43527
23456
24356
60
567
35467
3550
3429
5469
43567
54367
34567
567
7880
9880
900
900
693
471
3260
3550
360
3550
567
567
6576
440
8440
678
3661
3460
350
360
567
567
360
3550
360
3567
567
9571
6747
899
5438
5678
6750
678
678
678
957
752
67863
3678791
6751
857689
8454658
67880
6549
68658
643570
84678
648
64548
6549
5638
1239
43528
23457
24357
61
568
35468
3551
3430
5470
43568
54368
34568
568
7881
9881
901
901
694
472
3261
3551
361
3551
568
568
6577
441
8441
679
3662
3461
351
361
568
568
361
3551
361
3568
568
9572
6748
900
5439
5679
6751
679
679
679
958
753
67864
3678792
6752
857690
8454659
67881
6550
68659
643571
84679
649
64549
6550
5639
1240
43529
23458
24358
62
569
35469
3552
3431
5471
43569
54369
34569
569
7882
9882
902
902
695
473
3262
3552
362
3552
569
569
6578
442
8442
680
3663
3462
352
362
569
569
362
3552
362
3569
569
9573
6749
901
5440
5680
6752
680
1238
43527
23456
24356
60
567
35467
3550
3429
5469
43567
54367
34567
567
7880
9880
900
900
693
471
3260
3550
360
3550
567
567
6576
440
8440
678
3661
3460
350
360
567
567
360
3550
360
3567
567
9571
6747
899
5438
5678
6750
678
678
678
957
752
67863
3678791
6751
857689
8454658
67880
6549
68658
643570
84678
648
64548
6549
5638
1239
43528
23457
24357
61
568
35468
3551
3430
5470
43568
54368
34568
568
7881
9881
901
901
694
472
3261
3551
361
3551
568
568
6577
441
8441
679
3662
3461
351
361
568
568
361
3551
361
3568
568
9572
6748
900
5439
5679
6751
679
679
679
958
753
67864
3678792
6752
857690
8454659
67881
6550
68659
643571
84679
649
64549
6550
5639
1240
43529
23458
24358
62
569
35469
3552
3431
5471
43569
54369
34569
569
7882
9882
902
902
695
473
3262
3552
362
3552
569
569
6578
442
8442
680
3663
3462
352
362
569
569
362
3552
362
3569
569
9573
6749
901
5440
5680
6752
680
680
680
959
754
67865
3678793
6753
857691
8454660
67882
6551
68660
643572
84680
650
64550
6551
5640
1241
43530
23459
24359
63
570
35470
3553
3432
5472
43570
54370
34570
570
7883
9883
903
903
696
474
3263
3553
363
3553
570
570
6579
443
8443
681
3664
3463
353
363
570
570
363
3553
363
3570
570
9574
6750
902
5441
5681
6753
681
1239
43528
23457
24357
61
568
35468
3551
3430
5470
43568
54368
34568
568
7881
9881
901
901
694
472
3261
3551
361
3551
568
568
6577
441
8441
679
3662
3461
351
361
568
568
361
3551
361
3568
568
9572
6748
900
5439
5679
6751
679
679
679
958
753
67864
3678792
6752
857690
8454659
67881
6550
68659
643571
84679
649
64549
6550
5639
1240
43529
23458
24358
62
569
35469
3552
3431
5471
43569
54369
34569
569
7882
9882
902
902
695
473
3262
3552
362
3552
569
569
6578
442
8442
680
3663
3462
352
362
569
569
362
3552
362
3569
569
9573
6749
901
5440
5680
6752
680
680
680
959
754
67865
3678793
6753
857691
8454660
67882
6551
68660
643572
84680
650
64550
6551
5640
1241
43530
23459
24359
63
570
35470
3553
3432
5472
43570
54370
34570
570
7883
9883
903
903
696
474
3263
3553
363
3553
570
570
6579
443
8443
681
3664
3463
353
363
570
570
363
3553
363
3570
570
9574
6750
902
5441
5681
6753
681
681
681
960
755
67866
3678794
6754
857692
8454661
67883
6552
68661
643573
84681
651
64551
6552
5641
1242
43531
23460
24360
64
571
35471
3554
3433
5473
43571
54371
34571
571
7884
9884
904
904
697
475
3264
3554
364
3554
571
571
6580
444
8444
682
3665
3464
354
364
571
571
364
3554
364
3571
571
9575
6751
903
5442
5682
6754
682
1240
43529
23458
24358
62
569
35469
3552
3431
5471
43569
54369
34569
569
7882
9882
902
902
695
473
3262
3552
362
3552
569
569
6578
442
8442
680
1237
43526
23455
24355
59
566
35466
3549
3428
5468
43566
54366
34566
566
7879
9879
899
899
692
470
3259
3549
359
3549
566
566
6575
439
8439
677
3660
3459
349
359
566
566
359
3549
359
3566
566
9570
6746
898
5437
5677
6749
677
677
677
956
751
67862
3678790
6750
857688
8454657
67879
6548
68657
643569
84677
647
64547
6548
5637
1238
43527
23456
24356
60
567
35467
3550
3429
5469
43567
54367
34567
567
7880
9880
900
900
693
471
3260
3550
360
3550
567
567
6576
440
8440
678
3661
3460
350
360
567
567
360
3550
360
3567
567
9571
6747
899
5438
5678
6750
678
678
678
957
752
67863
3678791
6751
857689
8454658
67880
6549
68658
643570
84678
648
64548
6549
5638
1239
43528
23457
24357
61
568
35468
3551
3430
5470
43568
54368
34568
568
7881
9881
901
901
694
472
3261
3551
361
3551
568
568
6577
441
8441
679
3662
3461
351
361
568
568
361
3551
361
3568
568
9572
6748
900
5439
5679
6751
679
679
679
958
753
67864
3678792
6752
857690
8454659
67881
6550
68659
643571
84679
649
64549
6550
5639
1240
43529
23458
24358
62
569
35469
3552
3431
5471
43569
54369
34569
569
7882
9882
902
902
695
473
3262
3552
362
3552
569
569
6578
442
8442
680
3663
3462
352
362
569
569
362
3552
362
3569
569
9573
6749
901
5440
5680
6752
680
1238
43527
23456
24356
60
567
35467
3550
3429
5469
43567
54367
34567
567
7880
9880
900
900
693
471
3260
3550
360
3550
567
567
6576
440
8440
678
3661
3460
350
360
567
567
360
3550
360
3567
567
9571
6747
899
5438
5678
6750
678
678
678
957
752
67863
3678791
6751
857689
8454658
67880
6549
68658
643570
84678
648
64548
6549
5638
1239
43528
23457
24357
61
568
35468
3551
3430
5470
43568
54368
34568
568
7881
9881
901
901
694
472
3261
3551
361
3551
568
568
6577
441
8441
679
3662
3461
351
361
568
568
361
3551
361
3568
568
9572
6748
900
5439
5679
6751
679
679
679
958
753
67864
3678792
6752
857690
8454659
67881
6550
68659
643571
84679
649
64549
6550
5639
1240
43529
23458
24358
62
569
35469
3552
3431
5471
43569
54369
34569
569
7882
9882
902
902
695
473
3262
3552
362
3552
569
569
6578
442
8442
680
3663
3462
352
362
569
569
362
3552
362
3569
569
9573
6749
901
5440
5680
6752
680
680
680
959
754
67865
3678793
6753
857691
8454660
67882
6551
68660
643572
84680
650
64550
6551
5640
1241
43530
23459
24359
63
570
35470
3553
3432
5472
43570
54370
34570
570
7883
9883
903
903
696
474
3263
3553
363
3553
570
570
6579
443
8443
681
3664
3463
353
363
570
570
363
3553
363
3570
570
9574
6750
902
5441
5681
6753
681
1239
43528
23457
24357
61
568
35468
3551
3430
5470
43568
54368
34568
568
7881
9881
901
901
694
472
3261
3551
361
3551
568
568
6577
441
8441
679
3662
3461
351
361
568
568
361
3551
361
3568
568
9572
6748
900
5439
5679
6751
679
679
679
958
753
67864
3678792
6752
857690
8454659
67881
6550
68659
643571
84679
649
64549
6550
5639
1240
43529
23458
24358
62
569
35469
3552
3431
5471
43569
54369
34569
569
7882
9882
902
902
695
473
3262
3552
362
3552
569
569
6578
442
8442
680
3663
3462
352
362
569
569
362
3552
362
3569
569
9573
6749
901
5440
5680
6752
680
680
680
959
754
67865
3678793
6753
857691
8454660
67882
6551
68660
643572
84680
650
64550
6551
5640
1241
43530
23459
24359
63
570
35470
3553
3432
5472
43570
54370
34570
570
7883
9883
903
903
696
474
3263
3553
363
3553
570
570
6579
443
8443
681
3664
3463
353
363
570
570
363
3553
363
3570
570
9574
6750
902
5441
5681
6753
681
681
681
960
755
67866
3678794
6754
857692
8454661
67883
6552
68661
643573
84681
651
64551
6552
5641
1242
43531
23460
24360
64
571
35471
3554
3433
5473
43571
54371
34571
571
7884
9884
904
904
697
475
3264
3554
364
3554
571
571
6580
444
8444
682
3665
3464
354
364
571
571
364
3554
364
3571
571
9575
6751
903
5442
5682
6754
682
1240
43529
23458
24358
62
569
35469
3552
3431
5471
43569
54369
34569
569
7882
9882
902
902
695
473
3262
3552
362
3552
569
569
6578
442
8442
680
3663
3462
352
362
569
569
362
3552
362
3569
569
9573
6749
901
5440
5680
6752
680
680
680
959
754
67865
3678793
6753
857691
8454660
67882
6551
68660
643572
84680
650
64550
6551
5640
1241
43530
23459
24359
63
570
35470
3553
3432
5472
43570
54370
34570
570
7883
9883
903
903
696
474
3263
3553
363
3553
570
570
6579
443
8443
681
3664
3463
353
363
570
570
363
3553
363
3570
570
9574
6750
902
5441
5681
6753
681
681
681
960
755
67866
3678794
6754
857692
8454661
67883
6552
68661
643573
84681
651
64551
6552
5641
1242
43531
23460
24360
64
571
35471
3554
3433
5473
43571
54371
34571
571
7884
9884
904
904
697
475
3264
3554
364
3554
571
571
6580
444
8444
682
3665
3464
354
364
571
571
364
3554
364
3571
571
9575
6751
903
5442
5682
6754
682
682
682
961
756
67867
3678795
6755
857693
8454662
67884
6553
68662
643574
84682
652
64552
6553
5642
1243
43532
23461
24361
65
572
35472
3555
3434
5474
43572
54372
34572
572
7885
9885
905
905
698
476
3265
3555
365
3555
572
572
6581
445
8445
683
3666
3465
355
365
572
572
365
3555
365
3572
572
9576
6752
904
5443
5683
6755
683
1241
43530
23459
24359
63
570
35470
3553
3432
5472
43570
54370
34570
570
7883
9883
903
903
696
474
3263
3553
363
3553
570
570
6579
443
8443
681
1238
43527
23456
24356
60
567
35467
3550
3429
5469
43567
54367
34567
567
7880
9880
900
900
693
471
3260
3550
360
3550
567
567
6576
440
8440
678
3661
3460
350
360
567
567
360
3550
360
3567
567
9571
6747
899
5438
5678
6750
678
678
678
957
752
67863
3678791
6751
857689
8454658
67880
6549
68658
643570
84678
648
64548
6549
5638
1239
43528
23457
24357
61
568
35468
3551
3430
5470
43568
54368
34568
568
7881
9881
901
901
694
472
3261
3551
361
3551
568
568
6577
441
8441
679
3662
3461
351
361
568
568
361
3551
361
3568
568
9572
6748
900
5439
5679
6751
679
679
679
958
753
67864
3678792
6752
857690
8454659
67881
6550
68659
643571
84679
649
64549
6550
5639
1240
43529
23458
24358
62
569
35469
3552
3431
5471
43569
54369
34569
569
7882
9882
902
902
695
473
3262
3552
362
3552
569
569
6578
442
8442
680
3663
3462
352
362
569
569
362
3552
362
3569
569
9573
6749
901
5440
5680
6752
680
680
680
959
754
67865
3678793
6753
857691
8454660
67882
6551
68660
643572
84680
650
64550
6551
5640
1241
43530
23459
24359
63
570
35470
3553
3432
5472
43570
54370
34570
570
7883
9883
903
903
696
474
3263
3553
363
3553
570
570
6579
443
8443
681
3664
3463
353
363
570
570
363
3553
363
3570
570
9574
6750
902
5441
5681
6753
681
1239
43528
23457
24357
61
568
35468
3551
3430
5470
43568
54368
34568
568
7881
9881
901
901
694
472
3261
3551
361
3551
568
568
6577
441
8441
679
3662
3461
351
361
568
568
361
3551
361
3568
568
9572
6748
900
5439
5679
6751
679
679
679
958
753
67864
3678792
6752
857690
8454659
67881
6550
68659
643571
84679
649
64549
6550
5639
1240
43529
23458
24358
62
569
35469
3552
3431
5471
43569
54369
34569
569
7882
9882
902
902
695
473
3262
3552
362
3552
569
569
6578
442
8442
680
3663
3462
352
362
569
569
362
3552
362
3569
569
9573
6749
901
5440
5680
6752
680
680
680
959
754
67865
3678793
6753
857691
8454660
67882
6551
68660
643572
84680
650
64550
6551
5640
1241
43530
23459
24359
63
570
35470
3553
3432
5472
43570
54370
34570
570
7883
9883
903
903
696
474
3263
3553
363
3553
570
570
6579
443
8443
681
3664
3463
353
363
570
570
363
3553
363
3570
570
9574
6750
902
5441
5681
6753
681
681
681
960
755
67866
3678794
6754
857692
8454661
67883
6552
68661
643573
84681
651
64551
6552
5641
1242
43531
23460
24360
64
571
35471
3554
3433
5473
43571
54371
34571
571
7884
9884
904
904
697
475
3264
3554
364
3554
571
571
6580
444
8444
682
3665
3464
354
364
571
571
364
3554
364
3571
571
9575
6751
903
5442
5682
6754
682
1240
43529
23458
24358
62
569
35469
3552
3431
5471
43569
54369
34569
569
7882
9882
902
902
695
473
3262
3552
362
3552
569
569
6578
442
8442
680
3663
3462
352
362
569
569
362
3552
362
3569
569
9573
6749
901
5440
5680
6752
680
680
680
959
754
67865
3678793
6753
857691
8454660
67882
6551
68660
643572
84680
650
64550
6551
5640
1241
43530
23459
24359
63
570
35470
3553
3432
5472
43570
54370
34570
570
7883
9883
903
903
696
474
3263
3553
363
3553
570
570
6579
443
8443
681
3664
3463
353
363
570
570
363
3553
363
3570
570
9574
6750
902
5441
5681
6753
681
681
681
960
755
67866
3678794
6754
857692
8454661
67883
6552
68661
643573
84681
651
64551
6552
5641
1242
43531
23460
24360
64
571
35471
3554
3433
5473
43571
54371
34571
571
7884
9884
904
904
697
475
3264
3554
364
3554
571
571
6580
444
8444
682
3665
3464
354
364
571
571
364
3554
364
3571
571
9575
6751
903
5442
5682
6754
682
682
682
961
756
67867
3678795
6755
857693
8454662
67884
6553
68662
643574
84682
652
64552
6553
5642
1243
43532
23461
24361
65
572
35472
3555
3434
5474
43572
54372
34572
572
7885
9885
905
905
698
476
3265
3555
365
3555
572
572
6581
445
8445
683
3666
3465
355
365
572
572
365
3555
365
3572
572
9576
6752
904
5443
5683
6755
683
1241
43530
23459
24359
63
570
35470
3553
3432
5472
43570
54370
34570
570
7883
9883
903
903
696
474
3263
3553
363
3553
570
570
6579
443
8443
681
3664
3463
353
363
570
570
363
3553
363
3570
570
9574
6750
902
5441
5681
6753
681
681
681
960
755
67866
3678794
6754
857692
8454661
67883
6552
68661
643573
84681
651
64551
6552
5641
1242
43531
23460
24360
64
571
35471
3554
3433
5473
43571
54371
34571
571
7884
9884
904
904
697
475
3264
3554
364
3554
571
571
6580
444
8444
682
3665
3464
354
364
571
571
364
3554
364
3571
571
9575
6751
903
5442
5682
6754
682
682
682
961
756
67867
3678795
6755
857693
8454662
67884
6553
68662
643574
84682
652
64552
6553
5642
1243
43532
23461
24361
65
572
35472
3555
3434
5474
43572
54372
34572
572
7885
9885
905
905
698
476
3265
3555
365
3555
572
572
6581
445
8445
683
3666
3465
355
365
572
572
365
3555
365
3572
572
9576
6752
904
5443
5683
6755
683
683
683
962
757
67868
3678796
6756
857694
8454663
67885
6554
68663
643575
84683
653
64553
6554
5643
1244
43533
23462
24362
66
573
35473
3556
3435
5475
43573
54373
34573
573
7886
9886
906
906
699
477
3266
3556
366
3556
573
573
6582
446
8446
684
3667
3466
356
366
573
573
366
3556
366
3573
573
9577
6753
905
5444
5684
6756
684
1242
43531
23460
24360
64
571
35471
3554
3433
5473
43571
54371
34571
571
7884
9884
904
904
697
475
3264
3554
364
3554
571
571
6580
444
8444
682
1239
43528
23457
24357
61
568
35468
3551
3430
5470
43568
54368
34568
568
7881
9881
901
901
694
472
3261
3551
361
3551
568
568
6577
441
8441
679
3662
3461
351
361
568
568
361
3551
361
3568
568
9572
6748
900
5439
5679
6751
679
679
679
958
753
67864
3678792
6752
857690
8454659
