1234
43523
23452
24352
56
563
35463
3546
3425
5465
43563
54363
34563
563
7876
9876
896
896
689
467
3256
3546
356
3546
563
563
6572
436
8436
674
3657
3456
346
356
563
563
356
3546
356
3563
563
9567
6743
895
5434
5674
6746
674
674
674
953
748
67859
3678787
6747
857685
8454654
67876
6545
68654
643566
84674
644
64544
6545
5634
1235
43524
23453
24353
57
564
35464
3547
3426
5466
43564
54364
34564
564
7877
9877
897
897
690
468
3257
3547
357
3547
564
564
6573
437
8437
675
3658
3457
347
357
564
564
357
3547
357
3564
564
9568
6744
896
5435
5675
6747
675
675
675
954
749
67860
3678788
6748
857686
8454655
67877
6546
68655
643567
84675
645
64545
6546
5635
1236
43525
23454
24354
58
565
35465
3548
3427
5467
43565
54365
34565
565
7878
9878
898
898
691
469
3258
3548
358
3548
565
565
6574
438
8438
676
3659
3458
348
358
565
565
358
3548
358
3565
565
9569
6745
897
5436
5676
6748
676
676
676
955
750
67861
3678789
6749
857687
8454656
67878
6547
68656
643568
84676
646
64546
6547
5636
1237
43526
23455
24355
59
566
35466
3549
3428
5468
43566
54366
34566
566
7879
9879
899
899
692
470
3259
3549
359
3549
566
566
6575
439
8439
677
3660
3459
349
359
566
566
359
3549
359
3566
566
9570
6746
898
5437
5677
6749
677
