383  
588  
916  
641  
361  
470  
423  
183  
719  
464  
552  
658  
987  
897  
273  
401  
380  
836  
899  
785  
365  
231  
348  
419  
240  
113  
547  
281  
763  
160  
603  
174  
152  
267  
842  
653  
546  
967  
752  
926  
843  
242  
678  
602  
217  
967  
928  
770  
586  
562  
621  
204  
933  
586  
688  
346  
976  
111  
125  
282  
873  
419  
712  
177  
178  
165  
300  
829  
417  
560  
215  
571  
843  
443  
420  
327  
439  
820  
976  
949  
160  
661  
273  
971  
899  
724  
985  
414  
410  
494  
599  
859  
571  
246  
467  
862  
600  
590  
175  
127  
799  
108  
549  
349  
361  
410  
557  
306  
710  
807  
799  
539  
368  
807  
331  
910  
622  
281  
319  
635  
521  
217  
809  
342  
330  
469  
969  
312  
842  
173  
939  
787  
581  
590  
367  
720  
782  
774  
856  
172  
972  
759  
105  
630  
776  
207  
731  
495  
522  
876  
321  
866  
560  
505  
850  
826  
707  
827  
991  
628  
385  
772  
225  
974  
296  
881  
514  
495  
971  
647  
899  
836  
817  
278  
266  
309  
488  
149  
361  
753  
692  
362  
922  
841  
385  
563  
613  
472  
645  
779  
567  
201  
247  
200  
932  
661  
565  
194  
8  
2  
9  
7  
6  
3  
7  
8  
8  
