882  
250  
473  
679  
536  
138  
499  
879  
653  
222  
794  
916  
942  
684  
708  
941  
111  
174  
499  
619  
218  
184  
962  
632  
839  
557  
847  
114  
810  
900  
137  
994  
262  
223  
740  
911  
672  
454  
347  
871  
890  
694  
241  
455  
878  
137  
362  
779  
701  
619  
763  
777  
204  
972  
629  
802  
577  
260  
260  
542  
289  
332  
815  
981  
414  
353  
223  
402  
806  
938  
690  
210  
796  
211  
721  
190  
832  
428  
434  
702  
989  
459  
555  
629  
974  
803  
338  
232  
463  
804  
917  
682  
191  
354  
780  
146  
343  
156  
980  
